अंक: 249  
संख्या: 7 
शुकर्वार, 
28 जून, 2019 
7 आषाढ़, 1941 (शक)  
 
 
संसदीय वाद-िववाद 
राज्य सभा 
अिधकारीय Ģितवेदन 
(िहन्दी-संÎकरण) 
(भाग-I) 
 
 
िवषय-सूची 
 
तारांिकत ĢƘȗ के  िलिखत उǄर पृǞ 1-16 
अतारांिकत ĢƘȗ के  िलिखत उǄर पृǞ 17-353 
 
 (संबंिधत मंतर्ालयȗ से ĢाÃत रूप  मȂ) 
 
 
 
 
 
 
 
राज्य सभा सिचवालय 
नई िदÊली 
  


 
 
 
 
 
 
 
 
 
 
 
 
 
 
 
 
 
 
 
 
 
 
 
 
वेबसाइट :     http://rajyasabha.nic.in
 
http://parliamentofindia.nic.in 
   ई-मेल  : rsedit-h@sansad.nic.in 

2

3

4

28.06.2019
85
-
*85 :
( )   
- , -
 ; 
( )  ; 
( )  -
 ;  
( )  -
- ? 
        
( )
 
( )  ( ):  
 
****** 
5

-  28.06.2019
 85 ( ) ( ) 
   
( ) ( ): / ( / ) 
: 
,
 /
 
 
 (2016-17, 2017-18 2018-19) 17 
( ) 54 ( )  
,  /  
,  
 
 , /
:,   
/ , 
/ , , 
, ,  
 
 
 , 31 ( ) 83 
( ) 31 , 6 
 83 , 31  
, 
 
****** 
6

 
,  
 
 
 
 
8 ,  
 
 
 
 
*  
 ,  
 
   
;  
  ?  
 
 
,  
 
   
  
 
7

 
8
 
( )  ( ): 
 
 
 
-  
 
 
 
  
 
   
2016-17          
2,14,490         88,          88,  
(100%)  
    
1,26,1   
                   1,26,1  
(100%)  
2017-18                
4,55,0       2,15,8       2,15,8  
(100%)  
    
2,3   
                   2,3  
(100%)  
2018-19                
5,65,       2,41,42       2,39,073 
(99%)  
    
3,2   
                   3,10,610 
(96%)  
, 2019 
 , 2019 
               
1,17,6          48,8          32,983 
(67%)  
       
68,79   
                      56,313 
(82%)  
  13,5       5,94,4       5,76,1  
(97%)  
    
7,5   
                   7,3  
(97%)  
 
 
***** 
 
8

,    
   
 
- *  
28  , 2019  
 
-  
*  
,     
- ; 
, ;  
-  
? 
 
 
,  
 
 
 
 
***** 
9

-
 
,  
 
, 
 
 
, 2011 ; -IV; -IV 
-
, 2006 , 
, 2006 
, 2011 
, 2011 
, 2006 
,  
 , 
, 1960 , 2001 
, 
 
 , 
-
- , , 
 
 
 
***** 
10

11

12

13

14

90*
/ (
90*
(
( ;
(
;
(
( ?
( . )
( ( ):
******
15

- :-
‘’ 28.06.2019
90* ( ( )
--------
( ( ): (
(
(
( ( ): ( . .
(
(
- (
(
-
(
- (
( ): ( (
*******
 
16

17

 
 
 
 
 
      
774 
28 06 9 
 
 
 
 
774.  
 
 
 
 
 
;  
 
 
;  
 
 , 
;  
 
 -
- ?  
 
 
 
 
(  
 
 ,  
 
: , - , ; -
, ; -
, ; -
, ; - -
18

 , 
- ,
- - , ,
 
 
, , 
,  
 
 
, , -
, 
 
 
 -  
 
 
 
 
 
19

 
[ ] 
 
 
 ,  ( ,
- -
- ,   
 ,  
, - , - , - -
 
 
 
 ,  
- -
,  
, 
, 
 
 - , 
-
 
 
,
 - -  
 
 
 
 
20

 
 
,  
 
775  
28 ,  
 
  
 
 
-
; 
,  
- - ? 
 
 
) 
 
,
, ,
, ,
, ,
, , , ,
 
, ,
 
  
 
 
 
21

 
 
,  
 
776  
28 ,  
 
 
 
 
, , 
; 
, 
;  
- - ? 
 
) 
)   
( ) 
 
 
 
 
-I
 
 
-II  
 
 
 
 
22

 
-I 
 
 
,
 
i.  
ii.  
iii. 
 
iv. -  
v. 
 
 
vi. "
 
vii.  
viii. 
 
ix. ' ,
- -
 
x. -
 
xi. 
-
 
xii. 
 
23

xiii. 
 
xiv. 
 
xv. , 
 
xvi. 
 
xvii. 
 
xviii. ,
 
xix. 
- )
-
- ,
 
 
xx. 
,
,
 
 
24

-II 
 
  2014 2015 
1  160 516 
2  0 7 
3  21 84 
4  0 0 
5  443 854 
6  0 0 
7  45 57 
8  14 28 
9  32 0 
10  12 0 
11  0 0 
12  321 1197 
13  107 3 
14  826 581 
15  2568 3030 
16  0 1 
17  0 2 
18  0 0 
19  0 0 
20  5 23 
21  24 100 
22  0 3 
23  35 15 
24  68 2 
25  898 1358 
26  0 1 
27  63 145 
28  0 0 
29  0 0 
30  8 0 
31  0 0 
32  0 0 
33  0 0 
34  0 0 
35  0 0 
36  0 0 
   5650 8007 
     
    ,  ,  
     
 
25

 
 
,  
 
777  
28 ,  
 
  
  
 
; 
, ;  
? 
 
 
) 
 
-I  
-II  
 
 
 
 
 
 
 
 
 
 
 
 
 
 
 
 
 
 
 
 
 
 
 
26

-I 
 
 
   
2016-17 2017-18 2018-19 
1  74052 68190 60246 
2  40680 42854 39264 
3  43910 45667 40009 
4  17233 21807 14942 
5  64656 59159 69934 
6  36602 51434 35512 
7  33187 30124 30270 
8  11753 10900 9148 
9  17464 19803 18473 
10  25103 6951 17580 
11  2869 3301 2826 
12  18612 11554 12495 
13  10832 8373 9911 
14  17961 14667 14702 
15  20641 18605 17441 
16  25262 21894 24493 
17  39480 44418 45844 
18  45923 37771 36374 
19  21899 16759 17143 
20  15192 13175 15117 
21  28319 27707 25468 
22  11430 6467 8213 
23  30117 20391 15156 
24  24398 18512 15303 
25  24278 20542 18783 
26  15000 16643 17794 
27  33782 24561 26693 
28  14427 21499 22532 
29  39556 40711 35782 
30  48139 27770 37619 
31  12502 13309 11283 
32  56543 47583 47113 
33  16553 14406 14942 
 938355 847507 828405 
 
27

-II 
 
 
  
   
2016-17 2017-18 2018-19 
1  143986 243581 185982 
2  119886 202470 87397 
3  216556 216680 93073 
4  80232 109086 91487 
5  154148 116285 162049 
6  59625 30326 108904 
7  33935 37641 47701 
8  66292 77103 81676 
9  90922 185445 113682 
10  59068 96860 0 
11  56059 108197 91634 
12  82288 104392 41489 
13  42622 54856 0 
14  9814 17137 0 
15  172297 89223 6810 
16  42666 83583 14942 
17  148860 288655 137969 
18  100667 175377 163796 
19  94451 287878 287338 
20  51841 164493 61540 
21  53119 135531 94107 
22  173721 170396 110469 
23  177739 205571 189122 
24  50426 116067 105202 
25  181546 139319 231823 
26  106326 112226 78379 
27 36435 63679 79879 
28  90996 126206 128618 
29  156442 182158 175370 
30  35623 59942 53656 
31  128509 157212 164724 
32  62892 101419 77352 
33  49028 62788 56599 
 3129017 4321782 3322769 
 
------- 
28

 
 
,  
 
778  
28 ,  
 
  
 
 
, , 
- ;  
- , , ? 
 
 
) 
 
( )
,
 
 
 ,
 
 
 ,
, 2018
-
 
 
 
29

 
 
,  
 
7  
,  
 
  (  
779.  
  
 
(  2019   
, ,  ; 
(    
 ;   
(    
, ,  - ? 
 
 
(  
(  
 
(
,
22
 
 
-
-
 
 
, , ,
- -
, , , 
 
 
30

, - , ,
 
 
-  
 
(i) , , ,
, -
 
 
 
 
 
 
, ,
 
 
(ii) 
 
(iii) ,
,
-
 
(iv) ,
,
,
 
(v) 
,
 
(vi) ,
 
31

(vii) 
-
,
 
(viii) ,
,
 
 
 
32

 
 
,  
 
780  
28 ,  
 
  
 
 
, 
, ;  
? 
 
) 
-
 
-
; , ,
, , ,
-
-  
, " -
, ,
, - , -
12 2017-18 2019-20 
,
 
 
33

 
 
,  
 
781 
28 ,  
 
  
781.   
 
( ; 
( , ; 
( , ; 
(
, ;  
( , ? 
 
 
) 
(
 -
- ; ,
  , 
 
-
)  , 
;
; - ;
; ;
; ,
-
) 
, , 
- - ,
 
 
( )  ( ): 2019  
 
 
34

 
 
,  
 
782  
28 ,  
 
  
782.  
 
( 2019
; 
( , ; 
( 2014
;  
( ? 
 
 
) 
 
 
 
, ,
, ,
,  
 
i. ,
-
-
-
 
35

ii. 
 
 
, , ,  
 
iii. 
-
 
iv. -
 
v. 
-
, 
,
 
vi. 
 
 
36

 
 
,  
 
783 
28 ,  
 
  
783.  
 
(
- ; 
( - - ; 
 
(
? 
 
) 
(  
 
 
       , , , 
2016-17 2018-19  
5823.36 - I) 
 
- )
, 
 
 
         
-
 
, 
-
 
 
37

-I 
 
- -  
, ,  
                                                      ( ) 
   
 
 
2016-2017
1.   
( ) 
4702.54 
3310.83 
1782.44 
795.544 
2.  2513.97 518.93 
3.   1019.90 112.05 
4.   39565.00 1748.28 
5.   3660.97 588.34 
6.  ( ) 150.52 17.70 
   54923.73 5563.28       
 2017-18                                                                                                               
1.   4401.00 
 
395.91 
2.   3705.95 836.09 
3.   3078.26 526.14  
 
4.   ( ) 679.19 113.14  
 
5.  
 
3373.31 60.76 
6.   ( ) 678.98 157.23 
  15916.69 2089.27 
 
* -
  
 
 
 2018-19                                                                                                                
1.   1466.91 900.40 
2.   2434.00 949.49 
3.   7902.77 4714.28 
4.   2819.58 1206.62 
5.   4547.85 127.60 
6.   1535.29 272.42 
7.   (  2064.30 * 
  22770.70 8170.81 
38

 
 
,  
 
784  
28 ,  
 
  
784.  
   
(   27.4
; 
(   80
12 ; 
(  46 -  
;  
( ,   
-  ?  
 
) 
(
 -
-
,   
, 
 
, 
 
 
 
 
 
39

 
 
,  
 
  
,  
 
  
785.  
 
( 2018-19
- ; 
( ; 
( , 
, ;  
( , - ? 
 
 
 -
 
-
(
 
, ,
)  
, -
 
 
 
40

 
 
-
 
  
 
 -   
1  617 103 720 
2  1,675,076 82,796 1,757,872 
3  30,903 37,246 68,149 
4  1,342,132 229,037 1,571,169 
5  341 3 344 
6  2,151,370 7,807 2,159,177 
7  1,404,667 61,029 1,465,696 
8  260,453 9,552 270,005 
9  153,951 2,688 156,639 
10  204,578 1,090,174 1,294,752 
11  890,988 1,118,775 2,009,763 
12  47,550 9,616 57,166 
13  6,638,919 408,884 7,047,803 
14  1,750,966 12,363,349 14,114,315 
15  1,315 137 1,452 
16  693 - 693 
17  1,787,654 288,608 2,076,262 
18  887 9,859 10,746 
19  6,612,860 21,086 6,633,946 
20  210 31 241 
21  947,395 1,098,404 2,045,799 
22  680,785          96,088 776,873 
23  65 2,049 2,114 
24  5,767,021 216,126 5,983,147 
25  160,686 30,763 191,449 
26  2,996,417 2,609,114 5,605,531 
 35,508,499 19,793,324 55,301,823 
 
41

 
 
,  
 
6   
,  
  
786.  
 
(
3000/- ; 
( , ;  
( ? 
 
 
 
 
 
, 
,
,
-
 
 
42

 
 
,  
 
  
,  
 
  
787.  
 
(
; 
( , ;  
( , , ? 
 
 
 
( ,  
( , 
-
) 
100 -44, -13, -5, -3, -9, -
7, -2 -23)  
), ), 
)
 
, , ,  50% 10,000 
, ,
50% 8,000 
, ,  
 
 
43

 
 
,  
 
  
,  
 
 -  
788.  
 
( - (
; 
( , 
; 
( , , 
, , ; 
(
;  
( ? 
 
 
,  
 
,
,
, , ,
- ,
 
 
,  
 
(  
 
44

 
 
,  
 
9   
,  
 
 
 -   
789.  
  
( - , 2002 108(1) (iii 113
-
; 
( ( ,
( -
, 2002 08(1) (iii 113
;  
(
? 
 
 
 
,  
,
 
-
-  
,
 
******  
45

 
 
,  
 
90   
,  
  
  
 
- ; 
; 
- ;  
, ? 
 
 
 
 
, 
) 
 
 
)  , 
) 
2018-19 
122.28  
 
(
 
 
( )  
46

 
 
,
 
i.  
ii. 
,  
iii. 
 
iv. -  
v. 
 
 
vi. "
 
vii.  
viii. 
 
ix. ' ,
-
-
 
x. -
 
xi. 
-
 
47

xii. 
 
xiii. 
 
xiv. 
 
xv. , 
 
xvi. 
 
xvii. 
 
xviii. ,
 
xix. 
- )
-
- ,
 
 
xx. 
,
,
 
 
 
 
48

 
 
,  
 
  
,  
 
  
  
 
; 
;  
? 
 
 
 
 
- -  
  
  
 
, , , ,
,
, , - ,
,
,
,
-
,
49

,
 
 
-
-
- ,
- ,
,
 
 
50

 
 
,  
 
 
,  
 
  
 
  
 
 ; 
 , - -
;  
 - ? 
 
 
 
 
 
 
 
 
, 
, - -
-
-
- -
, -
 
 
51

 , , 
, , 
, 
, , 
-
, -
, - -
 
 
 
         
 
 
 *  
  **  
@ 31 , 2019  
 
 
 
 
  
-
 
2014-15 252.02 280.99 -0.2 
2015-16 251.54 286.19 0.6 
2016-17 275.11 300.64 6.3 
2017-18 285.01 311.70 5.0 
2018-19 283.37* 314.87** 2.9@ 
52

 
 
,  
 
  
,  
 
 -  
  
 
-
; 
, -
; 
;  
, -
? 
 
 
 
-
-
 
 - -
- -
-I 
 
 
-
% -
-
 
,  
,
- -
-II ,
-
-  
 
53

 
-I 
-  
 
 
 
2018-19  
 
1  9060622 
2  115261 
3  2752922 
4  17080379 
5  4145911 
6  59625 
7  5566106 
8  1644072 
9  1021356 
10  1436069 
11  2759963 
12  9088868 
13  7848898 
14  10805149 
15  15100885 
16  151237 
17  243368 
18  90239 
19  207591 
20  5057212 
21  1126501 
22  8211322 
23  66278 
24  7902531 
25  6322237 
26  578471 
27  24370682 
28  874070 
29  7356557 
30  12126 
31  689 
32  15337 
33  8321 
34  19857 
35  10522 
36  34764 
 151146000 
54

 
-II 
- -  
 
 
 
  
 
1  328 
2  0 
3  4 
4  22 
5  9 
6  59 
7  0 
8   
9  14 
10  6 
11  7 
12  0 
13  48 
14  104 
15   
16  50 
17  0 
18  0 
19  3 
20  2193 
21  19 
22  65 
23  9 
24  120 
25   2014  
26  14 
27  3036 
28  3 
29  1124 
30   
31  0 
32  0 
33  0 
34  0 
35  0 
36  2 
 7239* 
*  
 
55

 
 
,  
 
  
,  
  
  
 
; 
, ; 
, , ;  
? 
 
 
 
 
(
-
% % 
, , ,
,
 
,  
,
, ,
 
*****  
56

 
 
,  
 
 
,  
 
  
 
 
 
 - ;  
 , 
?  
 
 
 
 
 
 
, -  
 
  
-  
  
57

I 
28.06.2019
 
- 2016) 
(  
     
 
1  179721 156463 87.1 
2   405863 152263 37.5 
3  217722 123122 56.6 
4  528532 119492 22.6 
5 ,  527733 118900 22.5 
6  283546 80976 28.6 
7  371078 46048 12.4 
8  62671 43766 69.8 
9  148700 39200 26.4 
10  70800 34000 48.0 
11  41515 32776 78.9 
12  36844 31040 84.2 
13  216992 29395 13.5 
14  57000 23500 41.2 
15  106236 22562 21.2 
16  38327 20381 53.2 
17  68186 19823 29.1 
18  28718 18356 63.9 
19  22110 16810 76.0 
20  45682 16800 36.8 
 
 
58

 
II 
28.06.2019 795
 
2017  
 
 
       ( ) 
 
 
,     
 
    
1  3848 3219  3115 69736  664 613 1732 528 1036 
2  8415 3114  11084 82412 1542 887 4566 1808 3299 
3  5314 3120  4898   2008 1052   1447 1407 
4  6909 5481  6110 76097  1721 1279 3706 2852 1791 
5  6210 2281  5618 74482  1080 791 3545 1731 3377 
6  9821 2610  6436 80626  1759 857 3008 1333 2149 
7    3318  10524   1964 1569   1787 2931 
8  6508 3305  7576 50591  1045 1095 3087 1950 3171 
9  2008 938 1593 16826  886   858   973 
10  5035 4110  5506   2460 971   2019 1968 
 
 
 
59

 
,  
 
796 
28 ,   
 
 
796.  
 
 
(
;  
( -
? 
 
 
 
 
 
-  
-  
 
 
 
 
 
 
 
 
 
 
 
 
60

 
-I 
 
  
1.   
2.  -  
3.  -  
4.  - ) 
5.  - (  
6.  - -  
  
7.  -  
  
8.   
  
9.   
10.   
11.   
12.   
13.  - -  
14.   
  
15.  - - -  
16.  -  
17.  -  
18.  -  
19.   
20.   
  
21.  -  
22.   
 
 
 
 
 
 
 
61

 
-II
,
 
( ) 
 2014-15 2015-16 2016-17 2017-18 2018-19 
1 ) 1872.74 1162.34 1286.03 1384.16 1614.51 
2 
) 
319.07 305.81 327.50 266.05 343.20 
3 ) 1956.45 1696.80 1493.07 2033.77 2003.19 
4 / ) 1391.77 701.38 658.34 695.62 1060.21 
5 
) 
1241.86 1033.10 1192.75 2259.86 2582.14 
6 
) 
216.56 218.58 172.49 246.73 279.79 
7 ) 0.00 51.19 0.00 42.66 28.58 
8  0.00 0.00 0.00 0.00 0.00 
9  0.00 3.08 0.00 1.75 3.20 
10  0.00 1555.94 1991.25 2819.24 2918.38 
11  0.00 0.00 44.90 0.00 0.00 
12 ) 8443.20 3940.01 3892.02 3560.11 3370.71 
13  0.00 0.00 0.00 0.00 150.04 
14 ) 2598.35 2983.04 14650.83 9419.68 11945.33 
15  0.00 0.00 0.00 13045.72 11495.66 
16  11.51 12.43 0.00 149.36 167.91 
17  10.89 12.30 18.18 0.00 0.00 
18 ) 979.80 570.30 782.49 637.21 525.98 
19  99.41 121.70 129.81 228.18 137.79 
20
/ )  
0.00 0.00 0.00 700.92 1400.00 
21  50.00 660.00   0.00 0.00 
22  0.00 0.00 0.00 23.81 25.43 
23  0.00 0.00 0.00 21.34 0.00 
24  0.00 0.00 0.00 0.00 0.00 
25
 
0.00 0.00 0.00 0.00 584.33 
26  0.00 0.00 0.00 0.00 6050.56 
27  0.00 0.00 0.00 0.00 0.00 
28
-
) 
0.00 0.00 0.00 0.00 0.00 
  19191.61 15028.00 26639.66 37536.17 46686.94 
 
62

 
,  
 
797 
28 ,   
 
 
 
 
 
; 
;  
, ? 
 
 
 
-
, , 
 
, 
), 
), ), 
)/ )
 
, 
 
 
63

 
 
 
,  
 
798 
28 ,   
 
 
 
 
 
, 
, ; 
; 
 
? 
 
 
 
( ,
, 
60:40 8 3  90:10
 
( ) , ) 
, ,
, 
 
( ) , , 
 
 
 
64

 
-I 
  
1.   
2.   
3.  -  
4.   
5.  -  
6.  - ) 
7.   
8.  - (  
9.  - -  
10.  ) 
  
11.   
  
12.   
  
13.   
14.   
15.   
16.   
17.  -  
18.   
19.  -  
20.   
  
21.  -  
22.   
23.  -  
24.  -  
25.   
26.  -  
27.   
28.   
  
29.  -  
30.  -  
31.   
32.   
****** 
65

 
 
,  
 
799 
28 ,   
 
 
 
 
 
, 
, ;  
? 
 
 
( )     
 
 , 
- -  , 
, , , , , , -
 
, 
'  
' ,   -
,
 
2014-15 2018-19  
58303 , 40033 , 
962528 13899  
, , 
66

2018-19 2019-20 , 
, 
2018-19 18555 - ,  22525 
, 32831 7444  
), 
) ) 
)  
, , , 
- -I, II, III, IV V  
- VI  
( , 
; ; - ; ; ; 
- , , , ; ; , 
mkisan.gov.in   
,  agricoop.gov.in. 
; , , , ; 
https://farmer.gov.in/
- https://farmech.dac.gov.in/);
https://midh.gov.in/); https://pmksy.gov.in/);
https://pmfby.gov.in/); https://soilhealth.dac.gov.in/);
https://nmoop.gov.in/); ; 
(https://www.nabard.org/content.aspx?id=602 );  https://nmsa.dac.gov.in/); 
-  
 
 
 
 
 
 
 
67

:  
-  
  2014-15 2018-19 -
( ) 
1.  34973 
2.  1274 
3.  1670 
4.  4801 
5.  6919 
6.  3666 
7.  11866 
8.  3306 
9.  1779 
10.  1237 
11.  23402 
12.  2353 
13.  15344 
14.  23092 
15.  3547 
16.  376 
17.  1309 
18.  6476 
19.  18777 
20.  10268 
21.  5311 
22.  566 
23.  26471 
24.  3366 
25.  6163 
26.  15625 
27.  7270 
28.  3688 
  244895 
 
 
 
 
 
 
68

: II 
, , 
-
  
  -  2018-19  2019-20 ( ) 
   
1  31084 
2  51738 
3  24555 
  107377 
 
 
 
 
 
 
 
 
 
 
 
 
 
 
 
 
 
 
 
 
69

: III 
2016-17 2018-19 
-          
   -  2016-17  2018-19 
  ( ) 
1  16.8 
2  1449.56 
3  23.55 
4  438 
5  8.53 
6  1784.19 
7  359.51 
8  20.67 
9  1512.15 
10  1357.77 
11  1552.23 
12  3276.32 
13  701.35 
14  640.98 
15  89.48 
16  1052.55 
17  535.85 
18  392.07 
19  321 
20  374.5 
21  1408 
22  213.8 
23  5.42 
24  512 
25  354.9 
26  243.75 
27  2033.25 
28  734.67 
29  2154.55 
30  869.1 
   24436.5 
  
 
 
70

 :IV 
2015-16 2018-19 
-  
   -  2015-16  2018-19 
( ) 
1  3320.477 
2  134.200 
3  7871.220 
4  4083.965 
5  6085.803 
6  6.500 
7  1092.244 
8  888.331 
9  603.296 
10  443.628 
11  1422.295 
12  5973.054 
13  41.700 
14  12595.658 
15  8706.364 
16  438.470 
17  92.136 
18  25.950 
19  483.186 
20  3159.594 
21  1378.112 
22  5872.826 
23  76.654 
24  2149.274 
25  1370.043 
26  336.276 
27  13547.920 
28  709.444 
29  2413.742 
   85322.362 
 
 
 
 
71

 : V 
 (2016-17 2018-19) -
 
  -  2016-17  2018-19 ( ) 
1  164.3 
2  27.72 
3  1031.26 
4  0 
5  839.92 
6  4576.82 
7  42.76 
8  604.34 
9  243.96 
10  1204 
11  7451.46 
12  7400.36 
13  79 
14  22 
15  5.04 
16  83 
17  26.2 
18  1800 
19  7.2 
20  485.1 
21  300 
22  2718.72 
23  45.66 
24  3470 
25  32628.82 
 
 
 
 
 
 
 
72

 : VI 
2014-15 2018-19  
 
 
 
  ( ) 
1 
 
 
2014-15 22 28.09 
2015-16 10 34.23 
2016-17 6 50.35 
2017-18 2 155.08 
2018-19 1 60.52 
2 
 
 
2014-15 2 4.40 
2016-17 2 1.85 
2018-19 4 5.05 
3 
 
 
2014-15 7 62.50 
2015-16 1 27.37 
2016-17 1 26.25 
2017-18 1 39.56 
2018-19 1 17.52 
4  2014-15 2 31.75 
5 
 
 
2015-16 1 9.20 
2017-18 1 0.80 
2018-19 1 0.80 
6  2017-18 1 26.36 
7  2014-15 1 281.04 
8 
 
 
2014-15 2 22.75 
2016-17 1 20.86 
2017-18 3 69.92 
9 
 
 
2015-16 1 1.75 
2016-17 1 3.00 
2017-18 1 1.50 
2018-19 1 1.60 
10  2014-15 9 3.58 
11  2015-16 2 10.62 
12 
 
 
2014-15 3 72.68 
2015-16 3 146.05 
2016-17 1 65.00 
2017-18 3 2.16 
2018-19 1 19.10 
13 
 
 
2014-15 1 4.00 
2016-17 1 3.00 
2017-18 1 6.19 
14 
 
 
2014-15 11 100.08 
2015-16 12 138.24 
2016-17 8 110.15 
2017-18 7 126.10 
 2018-19 7 70.00 
73

-vi
15 
 
 
2016-17 4 333.00 
2017-18 2 115.00 
2018-19 2 300.00 
16  2014-15 3 0.94 
17 
 
 
2014-15 1 0.30 
2015-16 1 2.17 
2016-17 1 1.12 
2018-19 1 0.99 
18  
 
2014-15 9 9.13 
2015-16 2 0.37 
19 
 
 
2014-15 3 11.00 
2015-16 1 1.00 
2016-17 3 6.00 
2017-18 3 6.25 
20 
 
 
2014-15 1 24.95 
2015-16 1 1.81 
2016-17 3 49.59 
2017-18 2 59.12 
2018-19 3 36.30 
2019-20 2 62.11 
21  2014-15 2 43.72 
22  2014-15 1 0.87 
23 
 
 
2014-15 6 57.68 
2015-16 7 60.36 
2016-17 2 88.16 
2017-18 7 61.64 
2018-19 4 42.60 
24 
 
 
2014-15 16 53.03 
2015-16 2 49.01 
2016-17 7 80.00 
2017-18 13 85.00 
2018-19 6 129.30 
25  2014-15 2 4.77 
26 
 
 
2014-15 2 55.95 
2015-16 4 118.82 
2016-17 5 104.07 
2017-18 2 15.43 
2018-19 3 23.68 
27  
 
2014-15 2 29.22 
2015-16 1 2.31 
28 
 2014-15 2 59.25 
2015-16 4 40.00 
2016-17 2 40.40 
2017-18 3 29.70 
2018-19 3 54.25 
      303 4211.41 
 
74

 
 
,
 
00 
,  
 
 
 
 
; 
 , 
;  
 
? 
 
 
 
 
 
,
 
-
-
 
,
-
-
-
,
-  
 
75

-
-  
 
,
 
 
i.  
ii. 
 
iii. 
-  
iv. -  
v. 
 
vi. -
 
vii. (
 
viii. 
 
ix. 
,
 
x. 
-19
 
xi. 
-
 
76

xii.
 
xiii. ,
 
xiv. -
 
xv. 
 
xvi. 
 
xvii. 
 
xviii. 
 
xix. 
,
 
 
 
 
 
 
 
 
 
 
 
 
 
77

.-800 
-  
,
 
 
  2016-17 2017-18 2018-19 
        
1  
 
1997.47 1061.77 2080.98 1193.13 1958.03 1309.59 
2 
, ,
 
465.36 211.97 430.56 178.52 456.81 242.54 
3 
 
220.00 200.19 215.00 205.99 226.00 214.12 
4 
 
192.9 95 77.42 42.18 127.21 77.94 
5    263.46 133.66 2.44 152.63 299.52 237.13 
6 
 
234.80 152.19 272.79 182.93 398.22 309.93 
7 -
-  
407.87 407.87 587.54 587.54 566.45 566.45 
8 -  32.29 12.21 26.00 17.48 30.00 22.72 
9 -  370.79 355.25 755.15 741.58 1333.44 1027.44 
10 -
 
146.39 118.62 164.62 373.78 254.75 227.45 
11
 
1233.28 1009.49  -*  -*   -*  -* 
12  23.67 16.90 14.64 10.53 250.84** 144.95** 
13  5355.56 3876.15 4717.01 3527.44 3247.64 3265.83 
14
 
2326.00 1990.57 3395.00 2817.47 3983.00 2915.65 
15 -  45.00 22.50 82.55 42.27 67.48 28.35 
16
 
-  -  1391.28 1212.71 1838.50 1141.57 
 
 
 
78

,
801
, 2019
 
( ) 2022  ; 
( )    ; 
( ) ,   -
; 
( )  -  
;  
( ) , , ? 
( )
 
( ) : ‘’ ’’  
, 2016 - , 2018 
‘  ’ ( ) 
  
; ; 
; ; ; 
; -  
( ) (  ( ) , 2012- , 2013 
70 ( - , 2013) 
( ) , 
2012- , 2013 (  - ) 
  
( ( ,  /
 
/  
- , , , 
:  
79

i.  2 ( ) 3 : 
( ) 
4 
; 
. – 
 
. , , 
/
 
. / ( ) 1 
. 1.60 .  
ii.
, 2016  : 
( )  
2018-19 
553.01 8665 .   
iii. 2018-19 
  
150  
iv.
-
( - ) 
  4 
 2000 . 3   6000 . 
2018-19  632.32895 12646.579 . 
 
v.
( ) 
60 
  3000/- 
3 
5 18 40 
, 2022 
10774.50   
80

. . . . .-801
70 , 2012- , 2013
/
 
/
 ( .)  
( .) ( .) 
-
( .)  
( .)  
  
 
(00) 
 
(1) (2) (3) (4) (5) (6) (9) (10) 
 2482 2022 1075 400 5979 35968 1151
2076 6647 1310 836 10869 1080 312
1430 4211 799 255 6695 34230 1681
1323 1715 279 240 3558 70943 2077
 1848 3347 -19 1 5177 25608 630
 2683 2933 1930 380 7926 39388 1303
 3491 7867 2645 431 14434 15693 587
 4030 2876 1047 824 8777 8811 622
 7336 3063 801 1483 12683 11283 711
 1839 1451 1193 238 4721 22350 770
2677 4930 600 625 8832 42421 1322
 5254 3531 575 2529 11888 14043 1217
 1332 4016 732 129 6210 59950 1925
 2156 3856 539 834 7386 70972 2574
 3815 2924 1563 540 8842 1762 748
3776 6472 657 887 11792 3544 522
 3655 4561 864 19 9099 758 344
 5393 3212 1384 59 10048 2621 352
 1716 1407 1314 539 4976 44934 1677
4779 10862 1658 760 18059 14083 725
 2534 3138 967 710 7350 64765 1635
3113 1696 980 1009 6798 674 312
 2902 1917 1100 1061 6980 32443 1933
 1450 4227 374 260 6311 25389 752
 2185 2772 311 162 5429 2445 829
1069 2531 848 253 4701 10608 295
 1150 2855 543 376 4923 180489 4787
2126 979 225 650 3980 63624 2556
 5179 1864 213 1312 8568 715 422
 2071 3081 763 512 6426 902039 34907
  
:  1,  776; , ,  
 
:  -  
300  
‘’ ’’ 
 300  
******** 
81

,
802
28 , 2019   
 
802
( )   
; 
( ) ,   
  - ;  
( )  ‘ ’ ‘ ’ 
 ? 
( )
( ) (  , 29  
( )  ,  
, 
  
,  ,  
 ( ) , /
/ ,   ( , ,  
),  , /  ,    
  ( )  
( ) 2015-16   -  
/   
, 
, , 
 
, -  /  , 
( ), , ,  ; 
   , , , 
    
, , , , 
, 
, ,   
  
******* 
82

803
28
:
( ) ;
( ) -
( ) - ?
( )
( )
( ): - -
 
( ( ): ,
, - , -
, ,
2015-
2018-19 -
83

803 ( (
- - -
( )
- - - -
9353.00 7830.00 7789.62 7911.63
1038.33 1207.17 1142.97 1112.16
12649.32 13036.00 13824.63 13424.80
67.80 848.00 1158.49 1452.14
11120.00 11950.00 12072.06 12768.36
6692.00 8223.00 9632.89 7570.57
38.72 21.05 36.73 36.74
0.29 0.00 0.00 0.92
708.90 512.93 574.84 549.22
37833.75 27378.00 31135.19 42006.30
138.13 113.13 115.11 133.34
5281.00 4730.00 5430.00 6956.10
73679.55 52262.45 82984.00 91877.00
577.16 344.30 240.05 381.49
6607.00 7152.00 8023.68 7901.05
531.27 488.65 381.87 273.05
25494.09 18987.56 17153.98 18194.12
2405.00 2061.00 2604.46 2800.00
145385.00 140169.20 177033.33 176243.10
5885.76 6477.00 6271.38 6329.32
2075.00 1549.75 1437.00 1524.60
# 887.33 727.81 862.58 923.34
348448.40
*****
84

,
804
, 2019
 
804
( )   
; 
( ) , ;  
( )  /  
 - / - ? 
( )
( (  , 
  
 , 1988 , 2002 -
( ) /  
/   
 
85

. . . . .-804
 
.
.
/
  2016-17 2017-18 2018-19 2019-20 2016-17 2017-18 2018-19 2019-20 2016-17 2017-18 2018-19 2019-20 2016-17 2017-18 2018-19 2019-20 
1 0 0 0 0 0 0 0 0 0 0 0 0 0 0 0 0 
2  36.902 351.974 509.14 0 1.8 0 43.79 0 1231.35 1450 919.8 825 0 0 75.24 84 
3  0 52.2 0 0 0 0 0 0 31.5 22.7 30.903 33.25 0 0 15.63 22.5
4  1000 1312.75 3054.74 0 0 0 0 0 711.625 1289.4 894.9 1185.6 0 0 15.6 31.02
5 634.523 324.0184 300 0 0 0 0 0 491.538 802.96 654.75 336.14 0 0 0 0 
6  281.286 517.986 586.5 0 0 0 0 0 586.2 662.201 955.375 922.426 0 0 25.74 52.86
7 0 0 0 0 1.2 9.14 1.33 0 0 0 0 0 0 0 0 0 
8 0 0 0 0 0 0 0 0 0 0 0 0 0 0 0 0 
9  0 0 0 0 0 0 0 0 0 0 0 0 0 0 0 0 
10  0 0 0 0 0 0 0 0 0 0 0 0 0 0 0 0 
11  0 0 0 0 0 0 0 0 7.2 7.25 0 0 0 0 0 0
12  0 24.21 66.5 0 75.1 274.49 781.64 0 710.7 525.525 257.75 314.85 0 0 167.43 0 
13  0.889 0.507 84.85 0 0 28.83 0 0 124.225 88.95 84.6 82 0 0 144.54 229.53 
14 375 386.1 515.7 0 0 0 0 0 0 0 0 0 0 0 0 0 
15 690.6 898.755 549.52 0 1 0 0 0 0 30.375 16.15 15 0 0 0 13.23
16  0 0 0 0 2.44 0 4.05 0 590.55 664.225 522.25 742.2 0 0 0 0 
17  25.026 83.007 62.93 0 156.5 0 0 0 1500 1929.5 1802.5 1822.5 0 0 265.5 530.31
18  26.715 0 0 0 0 0 0 0 2.55 4.375 2.187 2.188 0 0 0 0
19  0 0 0 0 0 0 0 0 0 0 0 0 0 0 0 0 
20 1394.647 2056.122 1499.88 0 0 45.32 174.45 0 5696.25 6175 4250 7400 0 0 156.9 351 
21 600 2431 3200.14 1453.95 116.33 220.22 791.2 0 3675.45 2340.3 2753.55 2686.75 0 0 218.55 137.4
22  54.8062 0 9.6 0 0 0 0 0 143.25 141.05 140.415 140.147 0 0 15.626 22.5
23  10.5 141.735 55.28 0 0 0 0 0 12.9 11.7 12.302 15.028 0 0 0 0
24  25 0 0 0 0 0 0 0 13.95 14.502 20.4 12.903 0 0 7.859 22.5
25  0 47.062 103.99 0 0 0 0 0 135.75 135 135.15 135.05 0 0 15.6 22.5
26 0 0 99.07 0 136.57 0 146 0 821.7 607.5 595.1 579.55 0 0 54.45 86.46
27 0 0 1.08 0 0 0 0 0 0 0 0 0 0 0 0 0 
28 0 0 0 0 0 0 0 0 50 43.7 24.925 0 0 0 0 0 
29  100.968 1511.034 0 0 760 136.44 318.42 0 3750 2889.5 3167.5 4730.1 0 0 403.74 900
30  0 0 47.01 0 0 0.5 0 0 30.125 18.4 27 26.222 0 0 15.67 22.5
31  702 1330 1476.36 0 77.79 115.26 257.61 0 767.5 570 559 543.9 0 0 122.22 198
32 550 936.29 300 0 0 0 0 0 550.725 412.25 408.275 419.375 0 0 30.195 47.91
33 0 0 0 0 2 0 0 0 32.5 46.5 56.055 45 0 0 15.625 12 
34 124.4012 1436.31 744.56 0 8.45 5.13 7.26 0 2405 1762.5 1690 1648 0 0 46.8 489 
35 87.606 228.949 659.02 0 0 1.47 9.65 0 112.5 86.1 82.133 79.5 0 0 33.333 53.19
36  0 0 85.91 0 0 21.36 0 0 101 237.95 339.35 165.75 0 0 2.97 4.71
37  979.87 0 0 0 0 0 0 0 0 0 0 0 0 0 0 0
       = 7700.74 14070 14011.8 1453.95 1339.2 858.16 2535.4 0 24286 22969.4 20402 24908 0 0 1849.22 3333.12
****** 
86

,
28 , 2019
 
:  
805.  
  
 
( ) /   , 
, ;   
( ) 1000 5000 ;   
( ) ,     
  /  ?  
( )
( )   /  
   
( ) ( ) , ( ) 
, /
 , 
, 
 “  
( ) , 2018”   
( )      
 ( ) 
            
**** 
87

,
806
28 , 2019
 
   
806.  
  
  
( )  ,  
7443  ; 
( ) ,  ; 
( ) , ,  ;  
( ) ,  ?    
( )
( ) 2019-20 7 50,000 
 
( ) -
     
  , 
( )  - , 
  
 
2013-14  -  , 
, , , , , , 
/
         
( ( )   
 
- -    , , 
, ,   2019-20 
     
         
**** 
 
88

,
807
28 , 2019
 
:  -  
807.  
   
 
( )   ; 
( ) ,  -  ;  
( )   ,  
;  
( )   
-  ?     
( )
 ( ): , ,  
     
( ( ):  2018-19 
1530 2107   : 1118 2410 
 16 -  -
  , , 
    
( ): , 
( ) 115 
     
         
***** 
89

 
 
,  
 
. 808 
28 , 2019  
 
  
808.  
 
 
( )   
,  10  
30  ;   
( ) , ; 
( ) 2022      
/  ,  
-   ;  
( )   
 - ?      
 
( ) 
 
(
) ( ): 24   
 ( )   -  
/   
 , /
, ,  2018  “....... / 
 ( ) 2018” 
2017 “  ( ) 2017”  
   
( ( ): -   
 
– ( ) ; ( ); 
( ); ( ); 
  ( - ); ( ); 
( ); ( - );  
( ); ( ); 
( ); ( ) 
/    
 
  , -      
***** 
  
90

,
809
2019
809
( ) ; 
( ) , - ;  
( ) , , , , 
? 
( )
 
( ) ( ): ( )  ‘
’ ( ) 
2015 
2016  2015  
, , 
 
 
( ): ,  , 
-  : 
 
i) 2016 
     
;      , 
  
91

ii)     , 
   
   
 
 
 
( )  1 , 2015 ‘’   ’’ 
  , 
        
 
  ( ), - 
 ( )  ( ),  ( )  
 , ( ) [  , 
],  -   ( ) [   
] -  ( ) [
]   
 
iii) , :  
 : 
 
)   ,    
  
 ,     
 , 
   14.5 
    6.9  
) 1.60   / ( ) 
  
)  ,    
/ -  
92

 '  '   ( )  
  
)  :  3   9  
     7  
 , 2  , 3 
( ) ,   4  
   ( )   
    
 
iv) 
,   
 
  
 
      
“   (  ) , 
2017    
 , , - ,  -
, - / /  
        
   
 ( - )  ,  
    
  ,  -
585     
    
      /   "   
( ) , 2017" ,  , 
, - , 
 , 
 - / /  
  
***** 
93

,
810
, 2019
 
810
( ) 60  ; 
( ) , ; 
( ) 60   
; 
( ) ,  ;  
( ) , ? 
( )
( ) (       
, ,  
 
 60 3000 . 
18 40   
( )
, -
29 100 . 
100 . 
( ,
(
*******
94

 
 
 
 
      
 
28 06 9 
 
 
 
 
811.  
 
 
 
 
 
;  
 
 , ;  
 
 
?  
 
 
 
 
(   
 
 ,  
 
  
 
 , 
-
 
 
 
 
95

 
 
,  
 
.812 
28 , 2019  
:    
812.  
 
 
  
(
; 
( , ; 
(
- ; 
(
;  
( ,
? 
 
 ( ) 
( ) ,  
( )  
( )  ( )
/ - -
( - )
33611447
 
269605
 
( ) -
2019- 87217.
217.  
( .) ,  
*****
96

,
.813
28 , 2019
:  
813.   
  
  
 
(
;
( -
-
?
 
( ) 
( )  ( ): , 2022
  -
, ,
/
,
,
:-
i. , , , ( , ,
), , , , ,
97

ii.
- , , ,
iii. ( ), ,
iv.
,
, , , ,
, , ,
v.
(www.,losam.gov.in)
vi. -
vii.
viii.
713
684
, , , , ,
*****
98

 
 
,  
  
. 814
28 , 2019  
 
: 
 
814.  
 
( )  
;  
( )   - ? 
 
( ) 
( ) ( )   
    -
 / /  
 33611447 
29621448  
     
99

  
 
 
 76680 49945
 55956 32231
 41821 30352
126599 122593
93150 73041
 28608 24159
 79944 75067
 39513 28142
 54583 45505
29238 28208
42735 23788
 24835 23825
 74317 35638
 87558 57596
 81878 50282
114336 101146
 28537 15805
 134849 111608
17602 13748
 136816 97894
 60999 59030
  33503 23132
 35211 33908
 46348 25069
40339 35078
 49135 47225
 92882 28707
171913 53031
 21588 20244
53723 38509
 10301 9320
 39122 36896
 56459 41832
 48060 9664
100

 
,    
   
-  
28 ,  2019  
 
  
 
 
,  
- ; 
-
, , ; 
-   ;
,   ,   
  ;  
   
,   , ?  
 
 
,  
 
, 
 
, 2018 , -
,
 
, 
, , 
, 
,  
, , 
 
***** 
101

   
5 0
 4 5 
 1 0 
 1 2 
 1 4 
 0 2 
 44 0 
 0 0 
 0 0 
 3 1 
 4 2 
 2 0 
 3 7 
 3 3 
 27 0 
 140 0 
 67 6 
 16 5 
 0 0 
 3 0 
 71 33 
 0 0 
 1 0 
 2 0 
 0 0 
 1 0 
 1 0 
 13 13 
 7 2 
 0 0 
 259 7 
 21 8 
 0 0 
 15 50 
 1 0 
 3 5 
 719 155 
 
102

 
,    
   
 
-  
28 ,  2019  
 
 
 
 
 
 
,   
  ; 
-     
;  
  
  ?  
 
 
,  
 
 
( )  
 
( ) 
, 
 
****** 
103

 
,    
   
 
-  
28 ,  2019  
 
,    
 
,  
  ,   
  ; 
    - ; 
 
    
  - ? 
 
 
 
 
, 
,  
I.  
II.  
III. -  
IV.  
V.  
VI.  
VII.  
 
 
 
- - , , -
 
******** 
-  
   
104

.   2016-17   2017-18   2018-19 
      
( i )  
 
10000 9837 10000 9789 12000 12,327 
 
(ii) 
 
  22   26 26 26 
 
(iii) 
 
50 58 50 54 55 51 
 
(iv)   
 
55 54 55 56 30 49 
 
(v) 
  ) 
67 73 75 75.63 85 84.56 
 
(vi)  
  ) 
20 23.65 22 24.3 25 29 
 
(vii) 
 
130000 135000 150000 135000 150000 210000 
 
(viii   
 
100 141 200 229 400 756 
 
(iv  
 
    150 42 200 275 
 
(x         3 0 2 4 
( xi ) 
, 
 
 
  (  
    10 10 25 21 
 
(xii   
  
        20 30 
 
(xiii)          10 1 1 
(xiv) 
 
        10000 10,161 
 
 
  
105

    (2016-17 2018-19  
-II 
 
 
 
 
 
 
 
 
 
 
 
 
- III 
 
-I   
    
) 1147 1549 
 
 2950 454 
) 3326.9 435.80 
 9815 5291 
'000) 955.75 259.20 
 2624 2446.09 
) 1878 671.51 
 (  10831 2934 
) (  5999 1434 
106

  
 
  
 
2016-17 2017-18 2018-19 
      
   
  
500 
  
403 
  
500 
  
554 
  
500 
  
304 
 
  
 
 
  
133 
  
36 
  
150 
  
64 
  
150 
  
38 
 
  
 
 100.00 77.17 100.00 83.75 100.00 48.50 
  
 
 (  1000 353 0 0 0 0 
 11120 3006 1000 861 0 227.00 
  ) 
 19.20 5.05 32.10 6.44 38.20 3.94 
 45 41 45 41 45 43 
  
  
 9797 8125 8478 2312 0 876 
  
(  ) 6.90 8.09 7.00 3.05 0.00 1.27 
 6836 7748 4706 3197 0 1490 
 
 
 3816 7870 3831 5139 4238 4868 
 
  
2.00 2.31 1.40 2.34 1.70 1.57 
- IV 
107

  
   
  
  
(  
 
(  ) 
2016-17 22526 11687.41 
2017-18 61,494 29065.22 
2018-19 38846 22986.69 
  
  
- V 
2018-19   
  
 
 
( )  
) 
 
(  / ) 
 22 9020 270 1537 
 
 
 
 
 
 
 
 
 
  
108

 
 
- VI 
 
 
         
  
     
1  2016-17 214,547 4476.63 
2017-18 0 0 
2018-19 75000 1717.873 
2  2016-17 297 116.52 
2017-18 4 2.4 
2018-19 111 39.96 
3    2016-17 9 334.25 
2017-18 2 98.25 
2018-19 1 68.73 
4  2017-18 7349 2964.69 
2018-19 2440 654.5 
 
 
 
 
 
 
 
 
  
109

- VII 
 2016-17, 2017-18 2018-19     
 2016-17 2017-
18      2018-19 
 
     
 
-
   ) 
1950 2840 2850 3746.5 4840 3
7
2
5
.
9 
 
(     ) 
2500 2653.98 2300 1021 2300 1340 
-  
(    ) 
800 333.36 800 236.14 800 464.7
8 
-
    )  
15.85 
 
13.21 
 
1.75 
-  
(
   ) 
 
 
11.81 
 
8.4 
 
8.9 
 
(
 
137 217 70 - 100 112 
 
(  
20 0 20 12 27 75 
  
2.15 
 
1.98 
 
0.91 
 
(  
7032 4603 7032 3182 7032 6700 
  
 
110

- VIII 
          
( ) 
  2018-19 
1  1899.81 
2   14.75 
3  4896.10 
4  6202.83 
5  2640.42 
6  2.84 
7  2080.10 
8  2505.14 
9  1729.46 
10  1744.97 
1 1  3287.36 
12  164.38 
13  2662.29 
14  2852.32 
15  3314.57 
16  547.60 
17  1025.53 
18  201.72 
19  484.75 
20  2483.71 
21  902.18 
22  396.07 
23  56.07 
24  2613.83 
25  2628.91 
26  473.45 
27  3171.14 
28  5007.18 
29  468.92 
30  3.18 
31  0.00 
32  0.12 
33   1.38 
34  1.02 
35  0.00 
36   309.90 
37  14258.20 
111

38 - 890.11 
39  3105.00
   75043.61 
  
 
- IX 
2018-19  
 (  ) 
  2018-19 
1  70.66 
2  0.00 
3  0.00 
4  3793.47 
5  0.00 
6  0.00 
7  4325.53 
8  161.99 
9  1262.91 
10  1539.35 
1 1  0.00 
12  1011.00 
13  2381.24 
14  2085.27 
15  184.12 
16  51.09 
17  427.77 
18  0.00 
19  0.00 
20  839.71 
21  0.00 
22  368.83 
23  4290.27 
24  0.00 
25  759.62 
26  0.00 
27  1337.14 
28  2096.03 
29  0.00 
112

30  0.00 
   26986.00 
   11.629 
   26997.629 
 
 
X 
 
- - I  
 
  -  
 23.47
 18.73
 3.21
 77.7
 10.24
 0.81
 31.74
 11.53
 1.88
 19.58
 0.6
 26.34
 33.42
 30.31
 5.33
 26.17
 2.34
 14.76
 0.01
 338.18
 
  
113

- XI 
2018-19 
 
                 (  ) 
  
2018-19   
  
1  22.00 2.00 
2  2114.00 1810.51 
3  763.00 311.30 
4  116.00 38.81 
5  12.00 0.00 
6  6.00 0.88 
7  2240.00 1890.75 
8  603.00 405.88 
9  447.00 266.41 
10  698.00 622.05 
1 1  467.00 336.85 
12  1327.00 1219.51 
13  902.00 380.98 
14  1826.00 1032.06 
15  1816.00 1804.84 
16  595.00 364.46 
17  1367.00 1149.23 
18  3097.00 2725.94 
19  1249.00 1042.93 
20  1110.00 1005.70 
21  4845.00 4309.80 
22  556.00 709.19 
23  814.00 544.12 
   26992.00 21974.20
       
1  237.74 4 
2  3427.74 521.46 
3  251.30 97.79 
4  341.00 3.63 
5  134.25 116.95 
6  223.21 116.92 
7  182.32 25.39 
8  432.35 109.89 
  ) 5230 996.03 
       
1  12.00 0.00 
2  12.00   
3  12.00   
4  12.00   
5  30.00 16.46 
  ) 78 16.46 
114

  32300.00 22986.69
 
  
115

XII 
2018-19   
( )
  
2018-19 
  
1  860 1446.26 
2  887 944.31 
3  625 0 
4  105 0 
5  903 200 
6  453 0 
7  250 1795.1 
8  249 1899.13 
9  511   * 
10  708 169.93 
1 1  196 555.3 
12  1368 1247.04 
13  1042 0 
14  720 374.578 
15  319 508.23 
16  1138 200.27 
17  646 0 
18  593 0 
19  1646 0 
20  268 878.63 
21  921 0 
22  246 0 
23  936 0 
24  184 531.24 
25  383 420.87 
26  215 210.18 
27  416 545.43 
28  127 236.94 
29  293 0 
30  20 0 
31  20 0 
32  20 0 
33  20 0 
34  25 0 
35  20 76.706 
36  25 0 
 17358 12240 
116

* 2018-19  
 
- XIII 
2018-19   
(   
 2018-19 
 1860.25 
 216.05 
 0 
 1989.16 
 1611.17 
 19.14 
 2815.08 
 999.2 
 746.24 
 1069.84 
 165.96 
 1931.42 
 750.83 
 2944.55 
 1686.36 
 429.83 
 296.89 
 397.65 
 112.2 
 1995.55 
 1013.63 
 2640.41 
 71.43 
 1300.3 
 1536.77 
 269.06 
 4842.57 
 617.45 
 3079.39 
 47.3 
117

 4.04
9.8 
 0.8 
 33.06 
 0 
 21.54 
 37524.93 
  
 
118

,    
 
 
-  
28 ,  2019  
 
 
 
 
 
  
  ; 
,   , ; 
  , , ;  
  
? 
 
,  
-
% %
, , 
, 
 
****** 
119

,    
   
 
-  
28 ,  2019  
 
 
 
 
,  
  , 
, ,   , ,   
  ; 
, ;  
  
- ? 
 
,  
 
 
, , 
,
-
 
, 
,15,975 
, 
 
******* 
120

 
,    
   
 
-  
28 ,  2019  
 
   
 
,    
    
; 
, ; 
  ; 
   ; 
 
,   ? 
 
 
 
 
, ,    
 
(  )
 
 
 
2016-17 2017-18 2018-19 
1.    118.89 187.73 750.40 
2   -  314.32 389.98 324.91 
3   119.71 170.42 269.90 
4    240.00 203.02 323.00 
5   0.00 0.00 10.00 
6  
 
0.00 0.00 3.00 
7   249.17 306.28 299.64 
8   246.23 298.40 390.67 
9  
 
384.01 321.45 484.16 
121

10. 0 0.00 1.00
, 
 
( .  )
 
 
 
2016-17 2017-18 2018-19
1     675 437.45 1899.81
2   -   696 47
3   435.68 621.56 70.66
4    1582.12 4575.96 1810.51
  855.69 1029.4 1446.26
  1714.72 1269 1860.25
7  
 
1897.00 2162.88 1302.31
 
****** 
 
122

,    
 
 
-   
28 ,  2019  
 
 
 
 
 
  ; 
    
, , ;  
     ? 
 
 
,  
( ) 
-
-
-
- -  
****** 
123

,    
 
 
-  
28 , 2019  
 
   
 
 
 
    , , 
  , ;  
    
  , ,   
  ? 
 
,  
( ) 
  
 
( ) 
-
, 
,  
***** 
124

 
,    
   
 
-  
28 ,  2019  
 
 
 
 
,  
  ; 
, ;  
,     ? 
 
 
 
,  
 
, 
, 
, , , - , 
 
 
 
***** 
125

 
,    
   
-  
28 , 2019  
 
 
 
 
,   
  ; 
, ; 
  ; 
    ; 
  ;  
, ? 
 
,  
 
,  
-  
 
( ) 
2013-14 137.68 
2014-15 146.31 
2015-16 155.49 
2016-17 165.40 
2017-18 176.35 
: 6.4% 
 
, 2015 
-
www.countrydligh.in,www.awesondairy.com,www.grofer.com,www.naturesbasket.comin,www.fast2car
t.com,www.bigbasket.com  
 
 
 
126

, 2006 ( , 
, 
, , 2018 
 
.) -
-  
  
)  10,663 
) 
 
3783 
)  2504 
)  1006 
)  1569 
)   3,04,02550   
 
, , 
 
***** 
127

 
,    
   
 
-  
28 ,  2019  
 
   
 
 
,    
  
; 
, ;  
-   ? 
 
 
,  
 
 
 
-  
 
 
 
 
, , 
, , - -
, 
 
******* 
128

 
 
 
  
 826 
28 , 2019  
 
826.  .   
 : 
 
( ) ( ) 87 
 ;  
( ) 
2.5 2.2 
, 800  ;  
( ) ( ) 
, ?  
    (  . . ) 
( ) ( ):   ,  27 , 2019 . . 1041( ) ‘
’ 42 - -
526 90 
 984 
 
( ): ,  
***** 
129

827
8 / (
(
( -
(
?
( . )
( ( ):
- -
( ): -
( -
. .
**********
130

-I
-
.
3
5
7
8
.
33
131

35
37
38
( -
( -
53
55
57
58
(
132

73
75
77
78
83
85
87
88
(
133

134

(
135

136

(
137

138

/
/
/
/
/
/
/
/
/
/
333
335
337
338
139

353
355
357
358
373
375
140

377
378
-
383
385
387
388
141

142

(
-
.
143

**********
144

828
28 ,
828.
  : 
 
( ) 5000 ‘ ’ , , -
-  ;  
( ) ‘  ’ , 
,  ;  
( ) , 
, ‘ ’  ;  
( ) , -
? 
( )
( ): , 21.06.2019 , 5365 
( ) - -I  
( ): , ( ) , 
27 21.06.2019 , 206 
 
( ( ): 21.06.2019 , 48 
31 , 2020 
-II  
145

-I
28.06. (
 
 
21.06.
- -
. /
1 2 
2  179 
3 24 
4  79 
5  157 
6  5 
7  206 
8  14 
9  4 
10  94 
11  8 
12  491 
13  155 
14  57 
15 55 
16  56 
17 508 
18  460 
19  144 
20 345 
21 35 
22 1 
23 18 
24 15 
25  171 
146

26 14 
27  162 
28  125 
29   2 
30  531 
31 115
32 24
33 834 
34  171 
35  104 
 
147

-II
28.06. ( (
21.06.
.
/
1 (4) 
2  
3  
4  
5 (7)  
6 
7  
8 
9 
10  
11  
12 (1)  
13 (2)  
14  
15  (2)  
16 
17  (5)  
18  
19  
20 
21  
22  (3)  
23  
24  
148

 
***** 
25 (2)  
26  
27 (3)  
28 
29 
30 (10)  
31  
32  
33 
34 -
35  
36 
37 
38  
39  
40 (1)  
41  (1)  
42 (4)  
43  
44  
45  
46 (2)  
47  
48 (1)  
149

829
28 ,
-
829.
 : 
( ) 
 ;  
( )  
 ;  
( ) ,  ? 
( )
( ):  7 2012  ( ), 2012  
 ,   
  - " "  
  
   
   , 2012 
 ( ) , 2013 ( -2013)   
   
,   
  
( ( ): ,   
***** 
150

,
.830
28 , 2019
 
:   
830.  
  
(
; 
( , ; 
; 
(
; 
(  
, ? 
 
( ) 
( ) (
,
( 2027)
,
( 2027) ,
151

 
,
(iv
,
, , , : , ,
 
***** 
152

/ (
(
(
(
( ?
( . )
( ( ): (
(
. .
:-
.
.
.
3.
153

(
.
(
5.
(
,
(
- ( . - (
*******
 
154

832
28 ,
-
832.
 : 
( ) - ;  
( ) ;   
( ) -
, , , ? 
( )
( ( ):   ( )  857    
  31 , 2019  (  ) , 2013 ( ) 
-I    
  , 2015 ( )   , 2013  
     
:  
 
 31.05.2019   2015    
      
 %    
0 <= 5%  234  
5 <= 10%  138  
10 <= 15%  98  
15 <= 20%  100  
20 <= 25%  93  
25 <= 30%  65  
30 <= 35%  46  
35 <= 40%  24  
40% 59  
  857  
 
( ):    ( )   , 
, ,       
***** 
155

.
-
833.
 
( ) - -
/ - ;  
( ) , 
/ / - ;  
( ) -
;  
( ) 5 -
, ?  
( )
( ):  -   16 2016   , 19   
    -I 
  , 24.06.2019   19,351  
( )     -
  -II    
( ):   , 10,000   
  ( ) 
( ) 
14  15    10,000    
49   ( ) 
3123.20    27,478 
 483.46  , 
247 1,625.73       
 /   III   
( ): 26      
/ IV  
( ):  V   
***** 
156

-I
28.06.2019 833 (
 
1. -    
2.
- -
3.     -
4.    
 , 
5.    
/  
6.   
7. 10000  
8.    
9.    
10. 3    
11.     
12.   
   
13. (    , ,  
 , , 
14.    /
,  
15.    
16.   
 
17. -  -  
18.   
19.    
***** 
157

-II 
 
28.06.2019 833 (
( / - )
. . /
1 3661
2 2847
3 2552
4 1566
5 1080
6 1052
7 1004
8 985
9 849
10 573
1 1 531
12 525
13 343
14 323
15 257
16 249
17 158
18 157
19 142
20 137
21 86
22 80
23 78
24 39
25 22
26 14
27 8
28 6
29 6
30 4
31 4
32 3
33 3
34 3
35 2
36 2
19,351
***** 
158

- III
28.06.2019 833 (
(
( )
75 499.85
68 440.38
46 252.94
12 120.54
1 1 113.34
4 48.75
5 47.61
5 40.28
6 28.22
1 14.50
8 10.87
4 5.10
1 3.14
1 0.22
247 1625.73
******
159

IV
28.06.2019 833 (
/
1.
2.
3.
4.
5.
6.
7.
8.
9.
10.
11.
12.
13.
14.
15.
16.
17.
18.
19.
20.
21.
22.
23.
24.
25.
26.
******
160

-V
28.06.2019 (
. .
1 3661
2 2847
3 2552
4 1566
5 1080
***** 
161

.
834.  
 
( ) 
, ;  
( ) , ;  
( ) , , ? 
( ) 
( ( ): , ( ) 
( ) 
 : 
 
i.
 
ii.   
iii.  
iv. / 
/ / , / -
 
v.   , -  
vi.  /
7  
,      
 
2017-18 /  , 21 /
 
**** 
162

          
      835     
,  
 
 
( ) 
 
( , -
 
 
, 
,
,
,  
 
, 
 
 
163

164

165

166

          
      837      
,  
 
 
( ) 
 
 
(     
 
(       
(     , , 
, 2 
 
  
  
***** 
 
 
  
167

 
- 
.  
  
.1  
 
 
   50    
 
.2.  1.  
2. , , , 
 
3. , ,  ,  
 
4. , www.fishexchange.mpeda.gov.in)    
.3  , 
 
, 
 
.4  
 
,  
.5  , 
, 
 
- 
. -   
 
.   
 
  
.   
  
.1.  
  
, , , , 
 
 
, 
 ,  
 
   
168

  
 ,   / 
   
  50%  
  30  
.2
 
, , 
, 
 
   
, 
 
 
, 
 
  
, 
 
   
.   
  
1. 
 
1.   :
- ) , 2031 
,  , 
 
     -
  
, ,    , 
   
50% 
,  
2. 
, , 
, 
   , ,   
 , 
 
50%   
3. (  )  
  
169

4.    :
, , 
, 
 
5. 
 
.   
  
 
, 
 
 
  
.  
    
.1      1. ) 
2.  
3.  
4. -
 50%  
.2   1. ,   
 
2. -
 
3. 
) 
4.      
 
170

 
 
 
   
.838  
, 28 , 2019  
 
 
838.  
 
 
 
( ) 
( ) 
, 
;  
( ) 
;  
( ) , , , ? 
 
 
( ) 
( ): , , 
( ) 
, /  
/ -  
( )  ( ): -  , 
( ), 
/  
/ / -  
******* 
171

   
-
28.06.2019  838  
( )    
•  - ( -121 ): 
-200 2-  6-   
-5 4-  6-   
 
• ( -132.36 ) 53/200 : - -
    
:  
21.02.2019 23.02.2019 
/
•   : , , 2 
6 200 
4 
2 
 3 
•  215 : -215 
( ) -
4 4-   
•   (  ) 
104.24 ,
( - ) 
( ) 
•   “ - ( )”  
-
172

•  /   , 
-5 (  ) 
( )  
,
( ) 
•    
5 450
, 1  , 
600 .x40 . 
******
 
 
 
 
 
173

-
28.06.2019  838  
( ) ( )   
•  2015-16 - (309 ) 
,  
•  (65 ) 
2016-17 
•  (401 .)  
( ),  , 2017-18 
•  - (293 ) ,  
2017-18 
•  - - - (95 )  
2018-19 
**********
 
 
 
174

175

.
840.  
 
 
( ) 
;  
( ) , -  
; 
( ) - - ? 
 
( )
( ):   ( ) 
, (2011-12) 
 ( ) , 2017-18 5.9% 
2018-19 6.9% , 
2017-18 2018-19 
: 10% 8.8%   
 
( ) ( ): , - ,  
 
***** 
176

177

 
. 842  
28 , 2019  
la;qDr jkT; vesfjdk&phu ds O;kikj eqís  
  
842- Jh ihñ ,yñ iqfu;k%  
 
D;k okf.kT; vkSj m|ksx ea=h ;g crkus dh d`ik djsaxs fd%  
 
¼d½ mu Hkkjrh; mRiknksa ds fu;kZr dk C;kSjk D;k gS ftUgsa vesfjdk vkSj phu ds chp py jgs ^O;kikj 
;q)* ds ifj.kkeLo:i c<kok feyus dh laHkkouk gS(  
¼[k½ mDr ^O;kikj ;q)* ls phu ds lkFk Hkkjr ds O;kikj ?kkVs esa fdl gn rd deh gks ldrh gS] phu 
esa fu;kZr lfgr vuqeku dk o"kZ&okj C;kSjk D;k gS( vkSj  
¼x½ Hkkjr ds os {ks= dkSu&dkSu ls gSa tgka ^O;kikj ;q)* ds dkj.k vejhdk vkSj phu }kjk fuos'k dh 
ek=k esa o`f) gqbZ gS] rRlaca/kh C;kSjk D;k gS\ 
  
     
( )
( ):                 
         ,      ,    
   ,    ,  ,   
         ,       
   ,               
                   
               
  
( ) :                 
                 
            ,      
                 
   -                  
 :-  
(
-  
 
 
( ; )
178

( ) :                    
  ( )     -            
                    
               
( )                  
                
               
              
179

-I
            
 
.
- - - - -
 
 
-   
 (    
)
 
   
   (   
)
 
  (  
)
 
   
 
 
 
  
    
   
    
 (   )
180

.
- - - - -
  
:
 (   ) 
      
 )
  
    
  
       
 
    
     
   
  
 
  (    
  /
   
 )
   
  
 
 
  
   (   
)
 ( ) 
 : 
    -
 
 
181

.
- - - - -
:
  
182

 2014   2019  
            
 
.
- - - - -
 
-  
   
    
 (    
)
 
   
   (  
 )
 
  (   
)
 
   
 
 
 
  
   
 
 
 
    
183

.
- - - - -
 
 
 (   )
-   
  
 (   )
     
  )
 
  
     
   
 
  
      
 
    
   
   
  
 
  (   
   /
  
  
)
   
  
184

.
- - - - -
 
 
 
   (  
   )
   (   
  )
 ( )  
 : 
   
 -  
 
:
185

186

वषर् �नयार्त प्र�तशत शत
187

188

189

190

 
. 844  
28 , 2019  
vQzhdh ns'kksa ds lkFk O;kikj dks c<kok nsus ds fy, igy  
 
844- Jherh 'kkark {k=h%  
 
D;k okf.kT; vkSj m|ksx ea=h ;g crkus dh d`ik djsaxs fd%  
 
¼d½ D;k ea=ky; bl ckr ls voxr gS fd blds }kjk vQzhdh ns'kksa ds lkFk O;kikj dks 
c<kok nsus ds fy, dh xbZ igy us blds bfPNr y{; dks izkIr fd;k gS(  
¼[k½ D;k ea=ky; Hkkjr&vQzhdk O;kikj laca/k dks vkSj xgjk rFkk etcwr djus ds fy, 
vQzhdk esa Hkkjrh; izokfl;ksa ds lkFk izHkkoh tqM+ko cukus esa l{ke jgk gS( vkSj  
¼x½ ;fn gka] rks rRlaca/kh C;kSjk D;k gS vkSj ;fn ugha] rks blds D;k dkj.k gSa\ 
 
  
     
(   )
( )  ( ) :                 
                  
   ,           ( )  
     ( )            
      , 23  , 2015          
                 
   ( )        ( )   
    ,     :  , , , 
                   
               
   ,     ,    ( )    
      ( )    ,   /    
   ( )             
   ,          2017-18   
  2018-19  14.6           ,  
  ,              , 
             
                       
****
191

 
 
 
   
.845  
, 28 , 2019  
 
 
845.  
 
 
 
( ) / , 
;  
( ) , -  
;  
( ) / ; 
( ) , -
;  
( ) /
? 
 
 
 
( ) 
 
( ) ( ):  , , 
 
 
1)   (i) 
( 30 
5 ), ( ii) (5 
3 ) (iii) (5 
100 ) (iv) 5  
, (v) 5 
, ( vi) 
( ) 8.33 
( ) , , 
 3.67 (vii) 
/ / / /  
192

 
( 20 ), 
( 20 ) (
33 ) 
  31.03.2020  
 
, 200  
 
2) 
, (i) ( 30 
5 ) ( ii) 
(5 100 ) 
01.04.2017 31.03.2022   
 ( , 
) 5 ( ) 534.57 
( 214.48 
124.60 )  
3)   
  
 
: (i) ( 30 
5 ), ( ii) 
( /  5  
3 ) (iii) (5 
100 ), (iv) 5 
, (v) 5  
, (vi)  
 ( ) 
( ) 8.33 
3.67 (vii) 
/ / / / 
( 20 ), 
( 20 ) (  
33 ) 
 
193

 
200  
, 5 
3561.32  
 
4) , ,  
 
 01.07.2017 
 
30.06.2027  
, 2017-18 
2019-20 4200 
 574.328 
2281.82  
5) , 
/  
   
2003 ( ) 
, 10 11  37 
, 31  
6  (
)  , 2013 
, / /
 
 ( ) 
( ) 
, 18  
, 5 13 
 , 31.03.2017 
  
***** 
  
194

 
 28.06.2019   845  
( ) ( )   
(i) /  
.
.
(  ) (
 )
(
 )
1  ,   66.16 49.62 48.13
2  ,   73.02 41.80 41.39
3  ,   152.83 50.00 49.50
4   ,   54.31 40.49 39.28
5  ,   24.78 18.58 18.02
6  ,   135.50 49.12 47.65
7  ,   68.49 33.25 32.91
8  ,   59.99 44.99 44.54
9  ,   65.20 47.23 46.76
10  , ,   17.19 12.24 13.16
11  ,   52.87 26.79 26.53
12  ,   57.06 29.32 29.02
13  
,  
 40.20 30.15 29.85
14  /  / , 
 
 55.57 39.66 39.08
15  ,   113.51 45.08 43.50
16  ,   143.00 50.00 49.50
17  ,  
 
58.85 25.40 34.89
18  ,   58.82 21.16 20.94
19  ,   88.62 50.00 49.50
20  ,   56.80 42.60 41.32
21  , 
 
 30.67 23.01 22.31
22  ,   14.34 9.32 9.04
23  ,   61.00 45.61 44.36
24  ,   67.26 42.88 42.45
25  ,   42.66 22.39 21.78
26  ,   65.63 47.79 46.37
27  , 
 
 82.55 60.00 58.20
28  ,  
 
88.43 59.95 58.15
29   ,   62.28 52.63 51.05
30  
,  
 196.56 58.28 56.53
31    44.9 32.59 31.62
32  , 
 
 
10.16 2.54 2.60
33  , , 
  
 
49.83 12.26 12.26
195

34    41.76 8.74 8.74
35 , ,   48.48 12.62 12.62
36
 
 
30.40 7.69 7.69
 
(ii) /  : 
. .
(
) ( )
( )
     
( )
1 ,   41.01 15.72 15.24 76.33 %
2 , ,  95.03 38.68 37.52 58.34 %
3 , 
 
 81.10 43.07 41.77 69.88 %
4 , 
 
 60.76 39.68 38.49 84.93 %
5 , 
,  
 81.90 58.28 52.45 96.47 %
6
, 
 
 102.81 58.28 52.45 75.41 %
7
, 
, 
 
54.20 14.93 10.45
20.03 %
8
 
 
39.60 10.24 11.97 20.39 %
9 , 
 
 
36.67 9.62 10.26 23.52 %
10 ,   95.77 24.07 16.85 46.48 %
11 ,   88.05 22.62 15.83 56.34 %
12 ,  
 
31.84 14.00 14.00
57.02 %
13 , 
 
 
96.66 18.96 18.96
63.36 %
14 , 
 
 
130.94 50.00 50.00
85.00 %
15 , 
 
 
18.02 14.18 14.18
53.34 %
16 , , 
 
 
75.00 12.75 12.75
90.71 %
17 , 
,  
 
44.26 13.06 13.06
75.00 %
18
 
 
59.93 43.51 43.44
90.30 %
19
 
 
52.25 38.76 38.76
91.80 %
 
***** 
 
196

.
846.
 
 
( ) , 
400 50 . . , 
;  
( )  , ;  
( ) 
;  
( ) , ;  
( ) 
? 
( )
  
( ( ): , 
( ) 
, 
, 
(
77/2016  04/2016)  
06.12.2016 
, 14.09.2018  
1991 
  
***** 
197

. 847
28 , 2019
lsok fu;kZr lao/kZu ifj"kn~ ds varxZr lsok,a 
847- Jh ,ñ fot;dqekj%  
 
D;k okf.kT; vkSj m|ksx ea=h ;g crkus dh d`ik djsaxs fd% 
 
¼d½ lsok fu;kZr lao/kZu ifj"kn ds varxZr lsok {ks=ksa dh la[;k fdruh gS( 
¼[k½ lsok fu;kZr lao/kZu ifj"kn~ ds varxZr fof/kd lsokvksa dks c<+kok nsus ds fy, D;k&D;k dne mBk, x, gSa( 
¼x½ D;k ;g lp gS fd vusd fof/kd lewg fons'k esa fof/kd lsok iz nku djus ds ekunaMksa dks iwjk ugha 
djrs gSa( vkSj 
¼?k½ ;fn gka] rks rRlaca/kh C;kSjk D;k gS\ 
( )
( ): 1 2018 .26/2015-2020 ,
,2015-20 ( )
:-
/
-
/
198

)
:
/ 2019 2018
-
( )
( ) ( ) ,
, , (
) ,
,
12 ,
(
) ( )
( )

199

848
2019
 
:
 
( (
50
;
( 50
?
 
( )
( )
 
(
, -
-
 
(
,
( - ‘ ’
59
( , – , 2003 , 70
( , – , 2013
,
2115/- 6426/-
 
, ,
( , -
, 2004- 42. 2011- 25.
*****
200

849
28
849. :
:
:
:
( )
- - ;
( ) - -
( )
- ?
( )
( ): 24.06.2019
-
( ( ):
,
(
15
(
......2/-
201

::2::
- -
:-
(i)
07.06.
(
(
(ii) 2017-1
5.
(iii) ,
(iv) 2018-
13.88
(v) 2018-
(vi) - , 2018 ,
2018- (
- - / -
(vii)
, 2016- 2017-18
24.06.2019 452 303
*****
202

28 6 849
(
( )
- (
24 )
. - - -
-
923 26 1 38 988
2 293 0 0 0 293
3 925 39 0 0 964
4 542 108 0 25 675
10134 49 22 121 10326
6 289 7 0 1 297
155 0 0 0 155
8 907 1 17 18 943
9 1338 62 2 177 1579
1704 5 0 33 1742
362 0 394 1135 1891
0 0 10 11 21
106 2 0 0 108
75 0 0 3 78
83 4 6 2 95
4 0 0 0 4
3
203

850
28
“ ”
850 :
:
( )
;
( )
( )
?
( )
( ) ( ):
2017-18 ,
( 2017-
24.06.2019
2017-18
( ):
2017- 2018-
:
.....2/-
204

::2::
(i)
07.06.
(
(
(ii) 2017-1
5.
(iii) ,
(iv) 2018-
13.88
(v) 2018-
(vi) - , 2018 ,
2018- (
- - / -
(vii)
*****
205

 
,  
 
851
28 , 2019  
 :
       : 
( ) - ;
( )               
      ;  
( )             ? 
( )
( ):  :- 
 
  
2014-15 22.09  
2015-16 23.61 
2016-17 23.20 
2017-18 23.26 
2018-19 23.24 
( ( ): , 2013 ( ) 3/2/1 
 ( , ) 
75% 50%  
/ ,  
 ( ) 5 
 ( ) 35 
 
***** 
206

 
,  
 
, 2019  
852. . :
       :  
( )          ( )     
     ;  
( )  ,         ;   
( )              ,  ,   
       -    ? 
( )
( ) ( ): / / , 
, 
( )  
/
, /
 /  
, 
/  
/  
 
 
( ) , 2015 
, 1955 
, /
 
***** 
207

2 852 ( ( )
201 ,
. . / 2016 2017 2018
1 5 10 6
2 - - 1
3 32 17 7
4 81 169 135
5 9 9 9
6 91 98 76
7 1 2 -
8 12 9 8
9 34 47 35
10 5 6 1
11 3 4 5
12 29 35 33
13 22 28 15
14 22 13 11
15 24 21 24
16 62 77 34
17 4 2 2
18 9 - -
19 - 2 -
20 2 2 -
21 43 22 16
22 7 5 22
23 59 82 38
24 - - -
25 33 31 27
26 1 4 3
27 1 1 -
28 21 22 15
29 461 445 369
30 29 49 43
31 1 - 1
32 2 - 2
33 1 - -
34 - - -
35 - - 1
36 - 1 2
1106 1213 941
****
 
208

, 2019
:
:
( ) -
( )
( ) ?
( )
( ):
( ( ):
‘ ’ ( - )
, , , , ,
, , ,
*****
209

, 2019
. . :
:
( )
2006-
( ) 2006- -
-
( ) ?
( )
( ( ): , (
,
/
,
, /
2017- 166.95
2018- 417.
******
210

28.06. ( (
2006-07 2005-06 9.
35.
-
23.05.
2008-09 2011-
2008-09, 2009- 2011-
26.03.
2009- 2011-
,
2011-
/
2012-13 ,
,
30.10. , 2
,
2013-14
2014-15
2015-16 260.
11.
26.12. ,
14.03.
60.
11.06.20
*******
211

28 , 2019
. :
:
( ) ( )
-
( ) -
,
( )
( ( ):
/ ,
“ (
/
/
( -
5.
77
/ 2013-
2. /
, /
*****
212

856
28 , 2019
:
:
( )
( )
( )
( ) ?
( )
( ( ): (
) (
/
/
( ( ): ( /
/
/
*****
213

857
28 , 2019
:
:
( )
( )
( )
?
( )
( ):
( ):
( ): 2017-
:-
35.  
5689.  
******
214

 
 
 
,  
 
 
 
858  
28  201  
 
 
 
858.  
 
 ,   
 
(    
; 
(  ,  , ; 
(    ; 
(    
 ;  
(  ,  , ? 
 
 
,  
 
 
 
 
 
 
 
 
 
 -
 
 
215

 
,  
 
859
28 , 2019  
:
     
:  
( )                2 
       3            
     ;   
( )  ,               
   ? 
( )
( ):  , 2013 ( ) /
/ /  3/2/1 
80 
( ): / ( ) 
/ , , 
 /
 , /  
 /
 
, /
 
/   
***** 
216

2 859 (
2018 ( 24.06.
,
. . / 2018 2019
1  6 3
2  1 - 
3 7 4
4  135 51
5  9 2
6  76 31
7  - - 
8  8 4
9  35 13
10  1 1
11  5 1
12  33 5
13  15 7
14  11 6
15  24 14
16  34 16
17  2 - 
18  - 1
19  - - 
20  - - 
21  16 7
22  22 9
23  38 17
24 - - 
25  27 7
26  3 1
27  - - 
28  15 3
29 369 181 
30 43 4
31 1 - 
32 2 - 
33  - - 
34  - - 
35  1 - 
36  2 1
941 389 
***** 
217

860
28 , 2019
. :
( )
?
( )
/ / 3/2/
( , ,
,
,
,
18.
*****
218

861
28 , 2019
861. . :
:
( )
( )
( )
( ) ?
( )
( ( ): -
( ( ):
-
*****
219

 
 
,  
 
 
 
 
28  201  
 
 
 
 
862.  
 
,   
 
(    
; 
(    
 ;  
(  , ?   
 
 
,  
 
 
 , -
- , 1980  -
-
-  
 
 
 
 
220

 
863  
 28 , 2019  
 
 
 
863.  : 
  
 
(  , 
; 
 
(  , - ;  
 
 
; , 
;  
 
 , 
?    
 
 
 
  
 
: 
, 
- 
 
  (%) 
1.  9.37 
2.  9.56 
3.  7.45 
4.  9.51 
5.  8.20 
6.  7.32 
7.  12.44 
 
 
 
 
(
: -
,  
35% , , 50% 
221

% %
- -
 
 
 
 
   
   
 
-
% %
 
 
 
 , 
 , , , -
, , 
 - , , , ,  
145 %  
50%
 
 
 
%
%
-
 
 
 , 
, 
 
 
 
222

 
 
 
864  
 
 28 , 2019  
 
 
 
864. : 
  
(  - , 
; 
 
(  , ?  
 
 
 
 
 
 
  
- - ,
(i) ; (ii) 
; (iii) ; (iv)  (v) 
; (vi) ; (vii) 
 
 , , - , 
, - , 
, 
 
 -
, , 
, , , - , 
35% 75% 
 
 
223

 
 
 
865  
 28 , 2019  
 
-  
 
865. : 
  
(  -
;  
(  , ;  
(  
, , 
?   
 
 
 
 
 
 
,
 
i. ;  
ii. ; 
iii. - ; 
iv. ; 
v. ;  
vi. ;  
vii.  
 
, 
, 2018 
 
224

, 
, , 
100% ,
100% , 
, 
 
 , 
, 
, 2017
, , 
- , , 
 
 
 
 
 
225

 
 
 
. 86  
28 , 201  
 
 
 
86 .  
: 
( ) 
;  
( )  
;  
 ;
;  
 
? 
 
 
 
: 
, 
- 
 
  (%) 
1.  9.37 
2.  9.56 
3.  7.45 
4.  9.51 
5.  8.20 
6.  7.32 
7.  12.44 
 
( : -
,  
35% 
, , 50% 
% %
-
226

-
 
 
 
   
    
 
-
%
%
 
 , 
 
%
%
 
 
%
%
-  
 
227

 
 
 
. 867 
28 , 201  
 
 
 
 
86 .  
: 
( ) 
- ;  
( )  
;  
 -
? 
 
 
 
: -
-
i) ii) iii)
(iv) (v)
vi) (vii)
 
 
 - , 
, , , 20 
, ,500 
 
 
***** 
228

 
 
 
. 868 
28 , 201  
 
 
 
 
868.  
: 
( ) 
;  
( )  ;  
 ;  
 ;  
 ? 
 
 
 
:
 
:
i) ii)
iii) (iv)
i) (ii)
(iii)
 
 
 
 
 
 
229

 
 
  
  
                                                                                                      
    ( ) 
 
  
 
 
  
11 
  
552.09 
  
38.01 
 (
) 
  
  
17 
  
  
63.17 
  
  
18.44 
 
8 21.16 0.0 
  
(
)  
13 29.39 22.48 
 
( ) 
8 3.62 2.63 
 57 669.43 81.56 
 :  
 
 
 
 
 
 
 
 
 
 
230

1 
 
 
 
 
869 
 
 28 , 9  
 
-  
 
869.  
 
 
 
-
; 
 
( - ,
;  
 
-
 
 
 
 
 
 
 
 
 
( ) ' ' , 
  
, , 
231

2 
 
2.53 , 1.72 
1.20  
 -
 
 
, , , , , 
 ,  
 
  
,  
  
  
(  -
-
    , 
 , 2018-19 
, 
  
  
 
 
 
 
 
 
 
 
 
 
     **** 
 
 
  
 
 
 
2015-16   
     
2016-17 
    
2017-18 
           
2018-19 
 
2019-20           
14,57,656 34,37,500 53,70,068 
 
 56,86,343 75,17,813 
232

3 
 
 
-  
28.06.2019  869
  
 
 
 
. 
  
1  
, 
, 
, 
, 
 
2  
-
 
3 
 , 
 
233

4 
 
. 
  
4 
 
( ) 
-  
5  , 
 
6 
 
( ) 
; 
, 
 
7 
 
, , , 
-
, 
, 
 
8  
-
234

5 
 
. 
  
  
 
 
-
 
- , 
 
- 
 
- , 
 
 
 
- , -
 
- 
 
- 
 
- 
 
- 
 
235

6 
 
. 
  
9  
, 
, 
 
10 
 
, , 
,  
11 
 
( ) 
 
 
 
 
236

 
 
 
 
870 
 
 28 , 9  
 
 
 
870.  
 
 
 
; 
 
( , - ;  
 
,  
 
 
 
 
 
 
( , ( ,
, 
-
,
- -  
 
   - I   
***** 
  
237

 
 
I:
. .  2014-15 2015-16 2016-17 2017-18 2018-19# 
1  12,916 12,918 12,918 12,916 5,204 
2 * - - - - - 
3  2,199 2,199 2,197 2,197 2,182 
4 * 60 - - - - 
5  10,789 10,854 10,951 9,711 
6 * 9,715 - - - - 
7 ** - - - - - 
8  6,062 6,169 6,201 6,196 2,506 
9  3,180 3,175 3,221 3,226 2,470 
10 * - - - - - 
11  4,423 4,412 4,391 4,387 3,827 
12 ** - - - - 1,588 
13 ** - - - - - 
14 ** - - - - - 
15  27,865 27,816 27,811 27,797 25,971 
16  38 157 157 157 - 
17  6,212 6,204 6,214 6,697 2,262 
18  7,898 8,537 8,681 12,420 2,327 
19  9,228 9,727 9,712 9,634 3,524 
20  175 176 176 177 167 
21  12,355 12,356 12,356 12,450 11,811 
22  8,683 8,675 8,668 8,513 7,995 
23  590 590 591 591 591 
24  51,884 59,149 58,994 58,781 35,032 
25  7,785 7,941 7,950 7,947 2,706 
26 ** - - - - - 
 1,71,268 1,80,990 1,81,092 1,85,037 1,19,874 
 
*  
- -  ,  
 
**  
# (2018-19)  
2018-19
238

 
 
28.06.2019 
. 871  
 
871.   
 
( )
; 
( ) 
; 
( ) , ; 
( )  , ?
 
( ) 
( ) ( ):   
  ,  
 
 -
  
 ,  , , , 
,  ,   , , 
, 
,    
/ , 2019 , 240 669 
214 493 
*****
239

872
872
( )  , 
, ,  ;
( )   
 , ,
?
( )
 
( ):   -18 
, 
  
( ): ,  
, 
 
****** 
240

873
873
 
( )  ;
( )  , , ; 
( )   ; 
( )  , , ; 
( )  ; 
 
( )  , , ? 
( )
( ) ( ): 
 , 
 ( ) 
 , , , 
,  
( .) ( ): , 
, 
 
***** 
241

874
874
 
( )  ; 
( )  , 
- ;   
( )  , ? 
( )
 
( ):  56  
( ): 
:- 
i)  -   
   100%  
 ii)  – 1000 ( ) 
200  
iii)    
 :- 
, ( ), 
( )  3-
,  
242

( )   
, , 
( ) 
 
 - (6) ( ) 
(4)    15%   
   , , 
, 
 
 5  
,  
    50 
 , 30 
( ) 
  
   ( ) 
 
   
 
  986  
 ( )   
  
   ( )   2606 
  
5% - -    5% 
  -   
243

20% ( ) -   
 
  ( )   
25 
 
( ) :    
****** 
244

875
875
( )   
;
( )  ,  ;
( )   
?
( )
 
( ):  
 
( ) ( ):  
 
****** 
245

876
876
( )  -   
 ;
( )  , ;
( )   ?
( )
 
( )  ( ):   
, , , 
13 / 02 , 
 
****** 
246

877
/
877
( )  2007-08 , /
; 
( )  , - - /
 ; 
( )  / - -
 , ; 
( )  , ;  
( )  , ? 
( )
( ): 2007-08 , 2007-08 : 
6  
  
 
( ) ( .):  
 -  , , , 
 , , , 
 , 
, , 
, ,  : 
 
, 726 / ( )  
  
, 2018-19 , 487 
 123   
****** 
 
247

878
-
878
( )  -  9 
 5 , 
 ; 
( )  
 ; 
( )  ‘‘ - ’’  
 ;  
( )  , ? 
( )
( ) ( ):  , 
,  , 
,  
,  ( , , ), -
, , , 
,  , , 
  
 
 ,      -        17007/17008 
-                 , 
     07007/07008 -          
 01.07.2019 . 17007/17008 - ( - ) 
:           
        
   , ,    
  
     ‘   ’              
            
****** 
248

879
879
 
( )     
; 
( )  ,  
;  
( )   
, ? 
( )
 
( ) ( ):  
***** 
249

 28.06.2019 
 . 879 ( ) ( )  
( ): /
      , ,     
           
 
 -    -      
,  ,   (    ),      
,   ,  ,  ,    ,  
 ,         , 
          
   
 :  -53 ‘
’ - 2016-17, 2017-
18 2018-19 -53  
 :-  
 
2016-17 917.82 .
2017-18 1470.84 . 
2018-19 1657.86 . 
( ) ( ): -
, 
, , 
 
, ( ) 
( ) , 
( ) ( ) 
 
******
250

880
880
( )    ;
( )   -
 ;
( )   ?
( )
( ): -
. 
, ' '
24 06 , ,
 
( ) ( ): -
1,08,000 . , 81%
- ( ) 
2023
******
251

881
- -
881
( )  2018-19  - -
;
( )  - ;
( )   ?
( )
( )  ( ): - - (165 .) - - - (541 ) 
2018-19 315 . 
2019-20  325 . 
 
2013-14 - - -
(541 .)  
2014-15 
2010-11 2013-14 
239 . 2014-15 2017-18 
1121.08 . 
- - , ,
, /
****** 
252

882
882
 
( )  /  
; 
( )  /  
/ ; 
( )  , ; 
( )   
; 
( )  , , ? 
( )
 
( ) ( .):   
***** 
253

 28.06.2019 
  882 ( ) ( .) 
/ /
,  , , 
  , , , 
-  
, 
 ,  
,   
 / /  , 
, 
13425/13426 - ( ) 
 12811/12812 ( )-
( ) 18609/18610 - ( ) 
( )   , 
, , 
 ,  
 , , , 
  
****** 
254

883
883
 
( )  -
; 
( )  ;  
( )  
? 
( )
 
( ) ( ) . 
 
****** 
255

28.06.2019 
 883 ( ) ( ) 
  
( ): , /
-   - . -
  
  /
 
-   
1.  /
/  
2. ( )    
  
3. ,   
 
 
4.  
 
5.  
/  -
, ,   
6. - ,   01.04.2015 
5 . 10 .  , , 
 
10 .
( ): -I II 
 
( ):  2018-19 77.30 .
 
 118.53 .  
  
****** 
256

Sk 
 
28.06.2019
884
884.
 
( )  
  ; 
( )  
  ;  
( )   
 ,   ? 
 
( )
( ) ( ): -
39 / ‘’ ’’ 
,  
****** 
257

Sk 
28.06.2019
885
885
  
( )  -   
 , , 
  
; 
 
( ) , ;  
 
( )  
( ) ? 
 
 
( )
( ) ( ):  
, , 
 
( ):  
  
 
****** 
258

Sk 
28.06.2019
886
886.
( ) 1 
 
; 
( ) ,  ; 
 
( )  ? 
  
( )
( ):
( ) ( ): 
****** 
259

Sk 
28.06.2019
887
887.
( )  
 /  ;
 
( ) ,   
  - ;  
 
( ) , ? 
 
 
 
( )
 
( ) ( )  
 
****** 
  
260

Sk 
  28.06.2019     
. 887 ( ) ( ) 
 
 
( )  ( ): 
 3.67  ( )  
:-
 
. .  
(
1     
 
48.78 
2 
 
33.78
3  04 
 
4.50
4 . 6   80.00
5 . 4,5  6 
 
39.32
6 . 1  2 30.00
7  30.00
8 . 5   75.00
9 , 
 
10.29
10 15.00
             366.67 
*****
261

Sk 
28.06.2019
888
888.
 
 
( )  
 ; 
 
( ) ,  ;
 
( ) ,  
;  
 
(
)  ? 
 
 
( )
( )  ( )          
 
****** 
  
262

Sk 
  28.06.2019   
 . 888 ( ) ( ) 
 
( ) ( ):      
 
 
  
, ,  
, ( ) ( ) 
 , ( ) 
   
 
( ):  / 
         
              
****** 
263

Sk 
28.06.2019
889
889.
( )  
 ; 
( ) ,  ; 
( ) 
  ;  
( ) , ?   
  
( )
 
( ): /   
( ):  
( ):  
( ): 
****** 
264

Sk 
28.06.2019
890
890.
 
( ) - - - -
;
 
( )   ? 
 
 
( )
( ): ‘ ’ ( - ) ‘ ’ 
-
 
 
( )   
( )  -‘ ’   
 
  
-‘ ’ ‘ ’  
 ,  
-‘ ’ -‘ ’ 
  ,  
( )   
 
( ):  
 
, 
/    
 
******
265

Sk 
28.06.2019
8
891.
  
( )  
 ; 
( ) ,   ;  
( ) , 
 - ?  
 
 
 
( )
( ) ( ): 
, ( - 
)  ( ) 
,
  
***** 
266

Sk 
28.06.2019
892
892
 
 
( )  ,   
,  ;  
 
( ) , 7 
  / -
? 
 
 
( )
( ): ,  ( ) 
 ( ) ( ) -  
( ) 10 , 2019  (  
 )    
 
( ):  
-  
, -  ( ) 
( ) , , , 
  
 
****** 
267

Sk 
28.06.2019
893
-
893.
 
( ) , 1989 144 
  ;  
 
( )  
 -  
 ? 
 
 
  
( )
( ) ( )   
 
****** 
 
268

Sk 
-   28.06.2019 
   . 893 ( )  ( ) 
 
 
( ) ,1989 144 
- 
 
 ,1989  144 
 
2014 180535 
2015 192762 
2016 231393 
2017 232526 
2018 208815 
 
 
( ) , -
- , , 
 , 
, , 
, ,  (
) , 1971  
*******
269

Sk 
28.06.2019
894
894
 
( )  ; 
( ) ,  ;  
( )  ? 
 
 
  
( )
( ) ( ): 
2021 
****** 
270

 
Sk 
 
28.06.2019
895
-
895.
( )  -   ; 
( ) ,  ; 
( )  
 ;  
( ) ,  ? 
 
( )
( ) ( ): ,  
-
,   
 , 
,  , 
 ,  , 
 ( 2 ) -
 
 
( ) ( ): , , 
 -
7020    
****** 
271

Sk 
28.06.2019
896
896.
 
( )  
 ; 
 
( ) , ; 
 
(
)   
 ;  
 
( ) ,  ? 
 
 
( )
( ) ( ): 31 2019 ( . .) 
 ( ) , 
(348 ) (700 )  
( )  
****** 
272

Sk 
28.06.2019
897
897.
( ) , 
 , , -III 
 ; 
( ) ,  -  ; 
( )    
  -III  ;
( ) ,    -
 / ; 
( )  
 ;  
( ) , ?
( )
( )  ( ):            
       -         
,            ,  
  ,          
 III              
273

Sk 
 ,       ,   ,     
  175  II       ,   2016-17 
   III             
       28      38   
     
( )  ( ):          
              
          
( )  ( ):            
, ,          ,  
       ,        
 12779/12780          
 ,             
   , - /    3    
22413/22414 -   , 12449/12450    
  12283/12284 -     
   
****** 
274

Sk 
28.06.2019
898
-
898.
( ) -
; 
( ) , ;  
( ) ,  -
 ? 
 
 
( )
( ) ( )       
****** 
 
275

Sk 
-  28.06.2019   
 . 898 ( ) ( ) 
( )  ( ): , ,     -  
          ,      
        ,      
             
       :- 
i)       
 
ii)      6         
           
             12    
                 
     
(iii)                
       1 2018  31  2019 
 1.26         
(iv) -             
        /       
 
(v) 0800  1200    /           
    
(vi) -              
         
(vii) ( ) 15 
            
  
( ):        
      ( ) , , , 
               , 
                
     /       -
     :- 
 
/  
  -  
2018 2391 78001 
2019 (  ) 613 18784 
****** 
276

mm 
 
28.06.2019
899
899. :
 
( )  
; 
( ) , ; 
( )
;  
( ) , ? 
 
 
 
( )
 
( )  ( ):  
 
****** 
  
277

mm 
 
  
28.06.2019  . . 899 ( ) ( ) 
 
( )  ( ): 
, , -
' ' , 
 
 
, 
: - 
(i) 
 
(ii) 
( )  
 
(iii) , / , 
/
 
(iv) , - , , , 
/
, 1989  
(v) 
 
(vi) , /  
(vii)  
(viii) 1989 
147  2019  
 60740    
 
( )  ( ):  
/  2018-19 , 
, 
 3150 
  
****** 
278

mm 
 
28.06.2019
900
-
900. . :
( )  -    
 
; 
( ) , ; 
( ) ;  
( )
/ ? 
 
( )
 
( ) ( ): I 14 :- 
(i)   : 07 
(ii)      : 05  
(iii)     : 02 
 
( ): :-  
(i)   
(ii) 30  
(iii) ,  
 
(iv) , ,  
/  
(v) ( ) 
 
****** 
279

mm 
 
28.06.2019
901
901. :
 
( ) , , 
; 
( )   
; 
( )
;  
( )
, 
, ? 
 
 
 
( )
 
( ) ( ): . 
**** 
  
280

mm 
 
 
  28.06.2019 .  
. 901 ( ) ( )  
 
( ) ( ): , 2016-17 7
         
22,000 .  
:- 
2016-17 2017-18 2018-19 *
96.5% 98.4% 97.3%
( .
) 
4,913 1,666 3,773
* 2018-19 .
 
 2016-17 2018-19  97.4%  
( ):  : 
 
 
  
 
 ( . ) 
2016-17 48000.00 46280.46 1719.54 
2017-18 50125 48643.14 1481.86 
2018-19* 52000.00 51066.64 933.36 
( . )
2016-17 108900.00 104338.54 4561.46 
2017-18 117500.00 117055.40 444.60 
2018-19* 129750.00 127430.08 2319.92 
 
*2018-19  
( ):  
****** 
281

mm 
 
28.06.2019
902
902. :
 
( )   
, , ; 
( ) ( ) ( ) 
, - -
; 
( )  
, , 
;  
( )  
? 
 
 
 
( )
 
( )  ( )   
 
****** 
282

mm 
 
  28.06.2019 
. . 902 ( ) ( ) 
( ) 1989 58  
, 
: 
(i) /
/ / /        
3   , 
  
(ii) , 45 
: , 3  (3 ) 
 2  (2 ) 
3  4    (
 )  
(iii) - - - ( ) 
 
(iv) ( )/ ( )/
( ) 
/ , 
 
(v) , , –
( ) / /   
 
( )   
, , 
, , 
( )/ , ( ) 
 
  ( ) 
 , 
  2014,2015,2016,2017 
 2018 , 
   
283

mm 
 
 
( ) ( ) , 
, -
, ,  
  
1. / , 2200 
, 
, 2500 ( ) 
 
2. 
182  
3. 
, ,  
 
4. 
 
5. 
, , 
, 
 
6. 453 
 
7. 202 ( ) 
, , 
 
8. 
 
9. , ,  
-  
10.  , , 
, /
 
11.  10%  2018 
 9739  4517   
******* 
284

mm 
 
  28.06.2019 . 
. 902  ( )    
( ):   2014, 2015, 2016, 2017  2018        
,               -  
  :-
 
 
    
     
  
  
      
 
     
       
 
 2014 2 3 7
2015 2 10 12
2016 0 5 1
2017 0 4 2
2018 2 56 2
2014 0 2 11
2015 1 4 8
2016 0 0 0
2017 0 0 2
2018 0 4 0
 2014 0 0 0
2015 1 0 0
2016 1 1 1
2017 1 0 0
2018 0 9 0
2014 0 1 1
2015 0 2 0
2016 0 2 0
2017 0 3 0
2018 0 3 0
2014 2 22 6
2015 4 31 7
2016 1 22 1
2017 5 25 1
2018 2 10 1
 
2014 0 12 0
2015 1 12 0
2016 0 11 0
2017 0 19 0
2018 0 29 0
 2014 0 1 1
2015 0 6 0
2016 4 4 0
2017 0 3 0
2018 1 0 0
 
  
 
 
 
 
2014 1 1 7
2015 0 2 6
2016 1 1 3
2017 0 1 1
2018 3 3 1
285

mm 
 
 
2014 2 4 0
2015 0 2 1
2016 0 4 2
2017 1 5 0
2018 0 6 0
2014 1 5 1
2015 0 8 18
2016 0 6 5
2017 0 2 3
2018 2 1 8
2014 0 2 2
2015 1 5 1
2016 0 3 0
2017 0 3 0
2018 0 4 0
 2014 0 1 0
2015 0 1 0
2016 0 1 0
2017 0 2 0
2018 1 4 0
 
 
2014 0 0 0
2015 0 0 0
2016 0 0 0
2017 1 0 0
2018 1 0 0
 
2014 0 0 0
2015 0 0 0
2016 0 1 0
2017 0 0 0
2018 0 0 0
2014 0 0 0
2015 0 0 0
2016 0 1 0
2017 1 0 0
2018 0 0 0
 
2014 0 5 0
2015 2 32 3
2016 0 23 0
2017 1 19 0
2018 3 3 0
*****
 
286

mm 
 
28.06.2019
903
-
903. :
( ) -
/
;
( ) ,
, 2013
;
( ) , -
;
( ) , ?
( )
( ,
297 251
( ( (
(
(www.nhsrcl.in ,
‘ ,
, 2013’ -III ‘ ’ -10
2023
**** 
287

mm 
 
28.06.2019
904
904. :
 
( )  ; 
( ) / ; 
( ) - , 
; 
( ) ,  ;  
( ) , ? 
 
 
( )
 
( ) ( ): 
 
****** 
  
288

mm 
 
28.06.2019 
. . 904 ( ) ( ) 
( )  ( ):  88213  .   6604 
79 / /  27293 
. 1629  15 
, 2303  . 447  6 
 58617 . 4528 58 
/ / / 
      /  
:- 
( )  ( ): 50 /  75 /       
-  127.5 
   
-
  , 
 
  
-     : - 
  
. .  
1 -
(13  )
 
2 - (49 )  2018 
   
3 - (4 )  
4 - -  
(94 )
 2018 
   
  
 
***** 
 
289

mm 
 
28.06.2019
905
905. :
( )
;
( ) , ,
?
( )
( ( I (
,
, , ,
,
( / , , :
,
, ,
****** 
290

mm 
 
28.06.2019
906
906. :
 
( )  
; 
( ) ,  
;  
( )  ? 
 
 
 
( )
 
( ) ( ):  
12 2019 , 
 
****** 
291

mm 
 
28.06.2019
907
907. :
:
 
( )  ; 
( ) ,  
- ;  
( )  
, , 
? 
 
 
 
( )
 
( ) ( ): , 189 , 55 247 
491 / /  
 
    6.476 . 48860.64 
9113  , 2019 1.43 . 
 
, 
, (
  ), , 
292

mm 
 
, , 
, 
, , , , 
, , 
/
, 
 
 
 
 , ( , , ) 
 
 
 , 
 
 
  
, , 
1.5 . 
****** 
293

mm 
 
28.06.2019
908
908. :
( ) ‘ ’
;
( ) , ;
( ) , ?
( )
( ( -
-
‘’ ’’
, ( ( ,
, - -
(
(
, / /
26 5 , 2
24
2017-18 , /
5.30 2018-19
15.
****** 
294

mm 
 
28.06.2019
909
909. :
 
( )   
, 
 ; 
( )  
  ;  
( ) , ? 
 
 
( )
 
( ) ( ):  
 
**** 
 
  
295

mm 
 
 28.6.2019  
. . . 909 ( ) ( ) 
  
( ) -  
-   , 
 ( / ) 
/   ( ) : 
   
2016-17 7 6  
2017-18 4 4  
2018-19 5 9 3
, 3 
: 
..
2016-17 - 140
2017-18 - 61
- - 97
- 92
-- 209
- 18
- 54
2018-19 - 17
- 38
- 24
- 88
-- 82
920
2017-18 - 13
- 20
2018-19 - 12
-- 102
- 56
-  5
-- 17
225
296

mm 
 
 
, 251 
  
, , , 
,  , , -
, ,  , , , 
  , , , 
  ,  , 
,  ( ) , 
,  , , , 
  
 
( ) ( ) , 
 - , 
, 
, , 
 
 
****** 
 
297

mm 
 
28.06.2019
910
910. :
 
( )  ,  
  ;  
 
( ) ? 
 
 
 
( )
 
( ) ( ):   
 
 
****** 
  
298

mm 
 
28.06.2019 
.  . 910 ( ) ( ) 
 
 
( ): , :/
77302.54 . 6756 8 , 05 
27 / /  
 (2014-15 2018-19 2019-20) 44883 
.  3399 24 (3 
21 ) /  
 
( ) :   
 , 
, 
, , 
  
 
, , 
1.5 . 
*****
 
299

mm 
 
28.06.2019
911
911. :
 
( )  
; 
( ) , ;  
( )   
? 
 
 
 
( )
 
( ) ( ):  
***** 
  
300

mm 
 
28.06.2019   
. . 911 ( ) ( ) 
 
 
( ) ( ): , ‘’ ’’  
 32 1253 
 32 
:- 
 
)32(  , , , , , , , ,
, , , , ,  ,  , , 
, , , , , , , , , 
,   , ,  
 
32 30 02 
( )  
 
( ): - -
, , ( ), , 
, , , , , 
, , - , ‘
 ’ ,  , 
 
 
 
****** 
 
301

mm 
 
28.06.2019
912
,
912. :
 
( ) ‘’  , ’’ 
; 
( )
;  
( )  , ? 
 
 
 
( )
 
( ): 02 , 2014  ,  
 
/
15.09.2018 02.10.2018 ‘’ - - ’’    
10 5000 
/  
 
302

mm 
 
,  / :-
910 -  
 
875    80 
  
1280 /
 
126 166   
(  
) , 2012  
 345  
   •  
90  55,000  
2,00,000 -  
 
( ) ( ):  
:- 
, , , , , 
/ ,    
 
/ , , -
/   
-
  
-   ‘ ’    
( )   
 ‘ ’ 
 
/
-     
 
 
****** 
303

mm 
 
28.06.2019
913
913. :
 
( )  
, , ; 
( ) , ;  
( ) -  
? 
 
 
 
( )
 
( ) ( ): 
 
****** 
  
304

mm 
 
 28.06.2019 
 . 913 ( ) ( ) 
 
( ) ( ): 31 2019 ( . .) 
( ) (348 ) 
(700 )   ( ) 
 
( ) : ( , , 
 )  : 
2016-17 1503 
2017-18 1565 
2018-19 3479 
6547 
 
,
 
 
****
 
305

mm 
 
28.06.2019
914
(
-
914. :
 
( )  - ; 
( ) , ;  
( ) ( ) 
, , ;  
( ) - ? 
 
 
( )
 
( ) ( ):  
 
****  
306

mm 
 
 ( ) -
  28.06.2019  
. 914  ( )  ( )  
 
( ) ( ): 2020 , , 
, , 
, 
  
 
 
/ /
2009-14 11,527 . 2014-19 
25,894 . , 2009-14 125% 
2009-14  2,121 . 
, 2014-19 161% 5,531 . 
 
 
, ( ) , 2015 
20.02.2015 ( ) 
2018 , 
( ) 705 (
)  
 
 13.01.2016 ( ) 
31.07.2016  
( )  
 
 , : 
 
, 
 
 
 ( ) ( ), 
( ) , ( ) ( ) 
 :- 
307

mm 
 
 
: (110.62 )  
2003-04 13,809 . 
31.03.2019 6,969.49 .  
 
 (12 ) , 2017 
- - (98.62 ) 
102.62 8 
 3 
 
 
(2) : (51.38 ) ( , 
) 2008-09 
4,968 . 2014-15 
2015-16 31.03.2019 1,958.09 
.  
  
 
80%  
6 
53.90  
 2  
 
(3) : ( ) -   
( ) (82.50 ) ( , ) 2006-07 
3,000 . , 
2018 31.03.2019 626.67 . 
 
 
 
6 
3  
 
(4) 
:  
 
 
(i) 
- (21.50 ) 2006-07 
1,532 . 2014-
15 , 10 
308

mm 
 
, 2018 31.03.2019 515.82 . 
 
, 
, 
 
 
(ii) (108.40 ) 2010-11 
6,000 . 31.03.2019 
252.68 . 
,  
 
(5) : (44.39 ) 
2008-09  4,085.69 . 
31.03.2019 554.46 .  
, 
( 77.78 ) , , 
3  
 
****** 
 
309

भारत सरकार 
ग्रामीण िवकास मंत्रालय 
ग्रामीण िवकास िवभाग 
 
राÏय सभा 
अतारांिकत प्रæ न सं. 915 
(28 जून, 2019 को उ× तर िदए जाने के  िलए) 
 
ग्रामीण युवाओं के  िलए कौशल िवकास 
  
915. Įी एम॰ पी॰ वीरेÛद्र कु मारः 
    
क्या ग्रामीण िवकास मंत्री यह बताने की कृ पा करɅगे िकः  
 
(क) देश मɅ राÏय-वार िकतने अकु शल ग्रामीण युवा, पुǽष एवं मिहला दोनɉ, हɇ;  
(ख) ग्रामीण युवाओं के  िलए कौशल िवकास प्रदान करने वाली उपलÞध योजनाओं  का Þयौरा क्या है;  
(ग) िवगत पांच वषɟ मɅ प्र×येक वषर् राÏय-वार िकतनी धनरािश आबंिटत की गई; और  
(घ) उ क् त  अ व ि ध  के  द ौ र ा न  व षर्-वार  और  राÏय-वार  िकतने ग्र ा म ी ण  युवाओं क ो  क ौ श ल युक्त  बनाया 
गया और नौकिरयां प्रदान की गईं?  
उ× तर 
ग्रामीण िवकास मंत्री 
(Įी नरेÛ द्र िसंह तोमर) 
 
(क):   द ेश मɅ पुǾष एवं मिहला दोनɉ अकु शल ग्रामीण युवाओं क े राÏ य-वार आंकड़े उपलÞ ध नहीं हɇ। 
तथािप, ग्रामीण िवकास मंत्रालय ने कौशल प्रिशक्षण पाने को इÍ छ ुक ग्रामीण अß यि थर्यɉ का पंजीकरण 
करने के  ि ल ए  ‘कौशल  पंजी’ न ा म क  प ो टर्ल  बनाया  है।  कौशल  पंजी  के  अ ंतगर्त  पंजीकृ त  पु
Ǿष  एवं 
मिहला दोनɉ ग्रामीण युवाओं  क े राÏ य/संघ राÏ य क्षेत्र-वार आंकड़े अनुबंध-क मɅ िदए गए हɇ। 
 
(ख):   ग्रामीण िवकास मंत्रालय राç ट्रीय ग्रामीण आजीिवका िमशन के  अंतगर्त ग्रामीण युवाओं के  िलए 
दो  मह× वपू
णर्  कौशल  िवकास  योजनाएं अ थ ार्त  दीन  दयाल  उपाÚ याय ग्रामीण  कौशã य िवकास  योजना 
(डीडीयू-जीके वाई) औ
र  ग्र ा म ी ण  è  व-र ो ज ग ा र  प्र ि श क्ष ण  संè थान  (आरएसीईआई) म Ʌ क ौ श ल  ि व क ा स  क ा  
कायार्Û व य न  क र  र ह ा  है।  डीडीयू-जीके वाई  के  अ ंतगर्त  अß यिथर्यɉ  को  मजदूरी  रोजगार  के   िलए  कौशल 
प्रिशक्षण िदया जाता है और आरएसईटीआई के  अंतगर्त, मु
ख् यत: è व-रोजगार के  िलए कौशल प्रिशक्षण 
िदया जाता है।  
 
(ग):   डीडीय ू-जीके वाई और आरएसईटीआई दोनɉ ही मांग आधािरत योजनाएं हɇ। िपछले पांच वषɟ के  
दौरान  डीडीयू-जीके वाई  और  आरएसईटीआई  के  अ ंतगर्त  राÏ य/संघ  राÏ य  क्षेत्र-वार  िरलीज  की  गई 
िनिधयɉ का Þ यौरा क्रमश: अनुबंध ख औ
 र ग मɅ िदया गया है।  
 
(घ):   िपछल े प ांच  वषɟ  के   दौरान  डीडीयू-जीके वाई  और  आरएसईटीआई  के  अ ंतगर्त  प्रिशिक्षत  और 
नौकिरयɉ मɅ िनयुक् त/िनयोिजत अß यिथर्यɉ की कु ल संख् या का राÏ य/संघ राÏ य क्षेत्र-वार Þ यौरा क्रमश: 
अनुबंध घ और ड. मɅ िदया गया है।    
  
310

अनुबंध - क 
डीडीयू-जीके वाई के  संबंध मɅ राÏ य सभा मɅ िदनांक 28.06.2019 को उ× तर िदए जाने के  िलए िनयत अतारांिकत 
प्रæ न सं.  915 क े भाग (क) के  उ× तर मɅ उिãलिखत अनुबंध 
कौशल पंजी के  अंतगर्त पुǾष एवं मिहलाओं के  पंजीकरण का िववरण : 
क्र. सं.   राÏ य/ संघ राÏ य क्षेत्र  पुǾष   मिहलाए ं  
1.  जàमू और कæमीर 12082  8102 
2.  िहमाचल प्रदेश 3655  4426 
3.  पंजाब 8264  8203 
4.  चंडीगढ़ 30  4 
5.  उƣराखंड 20932  12774 
6.  हिरयाणा 9905  7143 
7.  िदãली 2  0 
8.  राजèथान 10662  15043 
9.  उ× तर प्रदेश 75505  49009 
10.  िबहार 68754  38734 
11.  िसिक्कम 166  436 
12.  अǾणाचल प्रदेश 979  1138 
13.  नागालɇड 912  445 
14.  मिणपुर 1126  1464 
15.  िमजोरम 516  565 
16.  ित्रपुरा 1509  841 
17.  मेघालय 746  1232 
18.  असम 9493  8260 
19.  पिæचम बंगाल 8900  6900 
20.  झारखंड 27782  25606 
21.  ओिडशा 107132  106822 
22.  छƣीसगढ़ 20592  20532 
23.  मÚ य प्रदेश 70486  27407 
24.  गुजरात 22689  53142 
25.  दमन और दीव 1337  1510 
26.  दादर और नगर हवेली 71  186 
27.  महाराçट्र 28503  19902 
28.  आंध्र प्रदेश 99322  89813 
29.  कनार्टक 12785  9613 
30.  गोवा 8  5 
31.  लक्षɮवीप 1  0 
32.  के रल 16513  25327 
33.  तिमनाडु 187994  184108 
34.  पुदुचेरी 77  84 
35.  अंडमान और िनकोबार ɮवीप समूह 20  6 
36.  तेलंगाना 41741  24015 
कु ल  871191  752797 
311

अनुबंध - ख 
डीडीयू-जीके वाई के  संबंध मɅ राÏ य सभा मɅ िदनांक  28.06.2019 को उ× तर िदए जाने क े िलए िनयत अतारांिकत प्रæ न 
सं.  915 क े भाग (ग) के  उ× तर  मɅ उिãलिखत अनुबंध 
वषर् 2014-15 से 2018-19 तक डीडीयू-जीके वाई के  अÛतगर्त िरलीज की गई िनिधयां   (ǽ. लाख मɅ) 
क्र. सं.  राÏ य/ संघ राÏ य क्षेत्र  2014-15  2015-16  2016-17  2017-18  2018-19 
1 
अंडमान और िनकोबार 
ɮवीप समूह  
-  -  -        
2 आ ंध्र प्रदेश -  8619.250  82.900  5874.000  7247.000 
3 अ ǽ ण ा च ल   प्र देश 222.075  -  61.000  1056.462  113.500 
4 अ स म 5245.284  3337.446  10046.831  8669.000  5128.600 
5  िबहार 315.455  5637.000  3606.000  9660.000  18294.000 
6  चंडीगढ़ -  -          
7  छƣीसगढ़ 2604.193  145.000  8947.200       
8  दादर एवं नगर हवेली -  -          
9  िदãली -  -          
10 ग ो व ा -  -  60.000       
11 ग ुजरात 703.230  225.537  154.293  1766.100    
12 ह ि र य ा णा 860.890  598.601  58.038  3098.891  5662.000 
13  िहमाचल प्रदेश -  342.908  3670.435     183.600 
14  जàमू और कæमीर 3773.401  2266.698  7360.088  5974.970  12933.600 
15  झारखंड 50.736  153.000  6464.429  7186.398  1160.000 
16  कनार्टक 2246.028  7485.552  256.738  8280.863    
17  के रल 5979.986  139.000  4711.713  3347.286  9842.500 
18 म Ú य   प्र देश 2800.517  188.000  7546.455     3799.752 
19 म ह ा र ा ç ट्र -  9665.578  96.065     5327.000 
20 म ि ण प ुर -  -  461.000     2240.000 
21 म ेघालय -  -  461.000  574.543  1884.000 
22  िमजोरम -  -  460.500     1431.588 
23 न ा ग ा ल ɇड -  -  461.000     2238.000 
24 ओ ि ड श ा 8233.757  4214.820  2195.443  14028.000  13889.600 
25  पुदुचेरी -  -          
26  पंजाब -  2862.500  11.300     1082.000 
27  राजèथान -  375.500  63.000  5785.000  3282.000 
28  िसिक्कम 662.020  -  460.500     60.500 
29  तिमलनाडु -  4390.225  2590.999     5291.000 
30  तेलंगाना -  4422.000  2190.620  3875.580    
31  ित्रपुरा 930.331  131.000  3838.949     3785.600 
32 उ ƣ र   प्र देश 17064.776  1048.129  549.559     7115.940 
33 उ ƣ र ा खंड -  65.091  1891.121     2621.000 
34  पिæचम बंगाल 1047.851  146.000  8890.369     5869.000 
35  िविवध-राÏय 4122.440  1504.475  441.096  31.471    
   कु ल 56862.970  57963.310  78088.641  79208.564  120481.780 
  
312

अनुबंध - ग 
आरएसईटीआई के  संबंध मɅ राÏ य सभा मɅ िदनांक 28.06.2019 को उ× तर िदए जाने क े िलए िनयत अतारांिकत प्रæ न 
सं.  915 के  भाग (ग) के  उ× तर  मɅ उिãलिखत अनुबंध 
वषर् 2014-15 से 2018-19 तक आरएसईटीआई के  अÛतगर्त राÏ य/संघ राÏ  य क्षेत्र-वार िरलीज की गई िनिधयां 
 (ǽ. लाख मɅ) 
क्र. सं.  राÏ य/ संघ राÏ य क्षेत्र 2014-15  2015-16  2016-17  2017-18  2018-19 
1 
अंडमान और िनकोबार  
ɮवीप समूह 0.00  0.00  0.00       
2 आ ंध्र प्रदेश 65.03  125.78  165.00     447.95 
3 अ ǽ ण ा च ल   प्र देश 0.00  0.00  0.00       
4 अ स म    231.00  193.60  96.39  357.76 
5  िबहार 0.00  407.00  0.00  318.05  317.41 
6  छƣीसगढ़ 160.71  111.02  165.00  172.29  467.02 
7  दादर एवं नगर हवेली 0.00  0.00  0.00       
8 ग ुजरात 116.07  0.00  231.00  255.42  498.16 
9 ह ि र य ा णा 0.00  89.25  0.00     288.75 
10  िहमाचल प्रदेश 0.00  0.00  0.00  106.82  103.41 
11  जàमू और कæमीर 89.00  194.46  0.00       
12  झारखंड 0.00  275.00  275.00     316.12 
13  कनार्टक 142.86  0.00  160.04  508.77  433.66 
14  के रल 62.50  0.00  0.00     152.57 
15  लक्षɮवीप 0.00  0.00  0.00       
16 म Ú य   प्र देश    274.85  0.00       
17 म ह ा र ा ç ट्र 0.00  274.19  219.41  378.97  313.88 
18 म ि ण पुर 0.00  0.00  0.00       
19 म ेघालय 0.00  11.00  0.00  61.34  26.66 
20  िमजोरम 4.47  0.00  0.00  15.17    
21 न ागालɇड 8.93  0.00  0.00     9.49 
22 ओ ि ड शा 133.93  221.38  182.21     1081.18 
23  पुदुचेरी 4.45  0.00  0.00       
24  पंजाब 84.82  196.38  0.00  164.59  169.62 
25  राजèथान 0.00  341.00  0.00  279.00  278.44 
26  िसिक्कम 0.00  1.88  0.00     7.14 
27  तिमलनाडु 0.00  317.13  0.00     309.31 
28  तेलंगाना 46.47  0.00  220.00     134.74 
29  ित्रपुरा 0.00  0.00  84.33     7.55 
30 उ ƣ र   प्र देश 0.00  0.00  1000.00       
31 उ ƣ र ा खंड 0.00  0.00  182.34     73.23 
32  पिæचम बंगाल 0.00  0.00  0.00  201.47  114.55 
   कु ल 919.24  3071.32  3077.93  2558.28  5908.59 
 
 
313

अनुबंध - घ 
डीडीयू-जीके वाई के  संबंध मɅ राÏ य सभा मɅ िदनांक 28.06.2019 को उ× तर िदए जाने क े िलए िनयत अतारांिकत प्रæ न 
सं.  915 के  भाग (घ) के  उ× तर  मɅ उिãलिखत अनुबंध 
राÏय-वार और वषर्-वार डीडीयू-जीके वाई की वाèतिवक उपलिÞध  
क्र. 
सं. 
राÏय 
िव.व.14-15  िव.व. 15-16  िव.व. 16-17  िव.व. 17-18  िव.व.18-19 
प्रिशिक्षत िनयोिजत प्रिशिक्षत िनयोिजत प्रिशिक्षत िनयोिजत प्रिशिक्षत िनयोिजत प्रिशिक्षत िनयोिजत 
1 आ ंध्र प्रदेश 2458  1823  4013  1989  12787  18966  17341  10954  26128  24841 
2 अ ǽ ण ा च ल   प्र देश 0  0  0  0  0  0  0  0  0  0 
3 अ स म 18  0  4258  3022  8202  1479  9936  3464  15568  7281 
4  िबहार 2333  851  7722  3685  8608  4216  6972  4859  10526  5841 
5  छƣीसगढ़ 1440  0  8434  4463  7355  1987  3111  539  6841  2583 
6 ग ुजरात 766  434  7892  5083  2254  2075  528  160  4985  1486 
7 ह ि र य ा ण ा 1031  930  13409  8807  10512  586  2281  5832  1734  4122 
8  िहमाचल प्रदेश 0  0  0  0  0  0  350  0  2550  582 
9 
जàमू और 
कæमीर 
15011  10677  18609  16524  7300  6453  1137  1424  4176  569 
10 झारखंड 1266  1034  6939  1314  8360  2355  5526  2375  7929  3421 
11 कनार्टक 283  0  10926  5443  10909  4432  8871  4752  7290  5411 
12 के रल 76  0  4738  2446  11246  5598  10587  4175  13763  9656 
13 मÚय प्रदेश 434  0  13089  3954  10974  3546  5353  1823  9139  2098 
14 महाराçट्र 0  0  0  0  4140  3694  7082  7390  16061  4458 
15 मिणपुर 0  0  0  0  0  0  0  0  0  0 
16 मेघालय 0  0  0  0  0  0  0  0  831  253 
17 िमजोरम 0  0  0  0  0  0  0  0  157  0 
18 नागालɇड 0  0  0  0  0  0  0  0  203  0 
19 ओिडशा 11329  5327  23070  18001  32108  45726  23520  14035  41172  31658 
20 पंजाब 0  0  0  0  0  0  4987  563  2782  1443 
21 राजèथान 3338  350  23143  12844  3837  3397  2599  693  9613  3381 
22 िसिक्कम 0  0  304  205  0  70  0  0  64  64 
23 तिमलनाडु  779  20  20449  9375  113  30780  519  765  2820  185 
24 तेलंगाना 0  0  3554  1830  8969  9150  12470  9048  15569  15591 
25 ित्रपुरा 0  0  305  75  1197  342  1530  526  1816  2093 
26 उƣर प्रदेश 2476  0  63209  8552  11203  2052  4795  892  17573  4839 
27 उƣराखंड 0  0  0  0  0  0  0  0  1144  253 
28 पिæचम बंगाल 0  0  2408  1900  2512  979  2032  1518  8521  3700 
   कु ल   43038  21446  236471  109512  162586  147883  131527  75787  228955  135809 
314

अनुबंध-ड. 
आरएसईटीआई के  संबंध मɅ राÏ य सभा मɅ िदनांक 28.06.2019 को उ× तर िदए जाने क े िलए िनयत अतारांिकत प्रæ न 
सं.  915 के  भाग (घ) के  उ× तर  मɅ उिãलिखत अनुबंध 
राÏ य/संघ राÏ य क्षेत्र-वार और वषर्-वार आरएसईØटीआई की वाèतिवक उपलिÞध  
क्र. 
सं.  
राÏ य का नाम  िव.व. 2014-15 िव.व. 2015-16 िव.व.2016-17 िव.व. 2017-18 िव.व. 2018-19 
प्रिशिक्षत  िनयोिजत प्रिशिक्षत  िनयोिजत  प्रिशिक्षत  िनयोिजत  प्रिशिक्षत िनयोिजत  प्रिशिक्षत िनयोिजत 
1 अं. और िन.  
ɮवीप समूह 
385 150 299 545 365 310 497 439 494 270 
2 आंध्र प्रदेश 13508 8869 12769 8371 12640 9606 12465 10683 10645 8790 
3 अǽणाचल प्रदेश 160 17 210 8 485 360 345 153 360 70 
4 असम 12401 5017 14556 9610 15057 11278 14262 11305 13087 9678 
5 िबहार 24933 17827 27528 20811 30543 23682 28411 24863 26688 19255 
6 छƣीसगढ़ 10023 6481 11486 6781 13320 8702 12651 9707 12735 9981 
7 दादर  एवं नगर 
हवेली 
452 290 731 318 763 581 606 406 775 553 
8 गुजरात 21147 12727 26728 18162 24211 27346 22359 22219 21470 16755 
9 हिरयाणा 12976 6029 13984 9922 15126 12534 15496 11032 15267 8702 
10 िहमाचल प्रदेश 5201 4502 5603 4860 5765 6258 5753 4727 5499 4085 
11 जàमू और 
कæमीर 
9106 6396 10185 7104 7462 5958 9504 7498 9308 6727 
12 झारखंड 16118 9726 20169 14033 19607 14249 17660 14596 17969 12033 
13 कनार्टक 31685 21592 36346 19839 34504 29135 27515 26914 26041 20434 
14 के रल 12399 9005 13477 8758 14129 11449 11582 11282 10532 9422 
15 लक्षɮवीप 102 13 102 50 3 0 10 0 0 0 
16 मÚय प्रदेश 27724 19421 32337 23669 34769 26113 36179 24612 35194 22858 
17 महाराçट्र 19314 11508 24946 17768 26582 24083 26143 23436 25671 19612 
18 मिणपुर 310 4 304 68 355 304 465 310 382 268 
19 मेघालय 1396 898 1461 243 2244 1421 1851 1042 1470 1287 
20 िमजोरम 278 30 508 380 408 439 453 523 502 365 
21 नागालɇड 246 49 297 81 336 218 380 294 355 517 
22 ओिडशा 23287 17260 25807 20544 25456 19567 22173 18927 21803 17117 
23 पुदुचेरी 615 462 764 516 788 566 782 859 850 626 
24 पंजाब 10087 5499 11833 7249 11861 9227 11582 10706 10516 6797 
25 राजèथान 29284 19390 30728 21652 33369 29486 30641 22322 28602 21553 
26 िसिक्कम 380 344 482 363 484 304 432 314 389 206 
27 तिमलनाडु 23144 14487 25158 18506 26287 20224 26805 22674 24226 19790 
28 ित्रपुरा 3507 2308 3752 1980 3508 2125 3132 1926 2788 2345 
29 उƣर प्रदेश 52199 33426 53166 35658 54737 46250 54503 44515 52719 36600 
30 उƣराखंड 7112 4031 6909 6021 6922 6600 7156 5297 7322 5524 
31 पिæचम बंगाल 15659 10303 16267 11151 15248 11003 14405 10574 13149 8418 
32 तेलंगाना 7068 4440 7493 5503 7809 5158 7145 5942 6864 5669 
  कु ल: 392206 252501 436385 300524 445143 364536 423343 350097 403672 296307 
 
***** 
 
315

भारत सरकार  
ग्रामीण िवकास मंत्रालय 
ग्रामीण िवकास िवभाग 
 
राÏय सभा 
अतारांिकत प्रæ न सं. 916 
(28 जून, 2019 को उ× तर िदए जाने के  िलए) 
 
राजèथान मɅ प्रधानमंत्री ग्राम सड़क योजना (पीएमजीएसवाई) के  अंतगर्त काम की धीमी गित 
  
916. Įी हषर्वधर्न िसंह डु ंगरपुरः  
 
क्या ग्रामीण िवकास मंत्री यह बताने की कृ पा करɅगे िकः  
 
(क) क् य ा  स र क ा र  र ा ज è थ ा न  मɅ प्र ध ा न मंत्र ी  ग्र ा म  स ड़ क  य ो ज न ा  (पीएमजीएसवाई) के  अ ंतगर्त  हो  रहे 
काम की धीमी गित से अवगत है;  
(ख) य िद  ह ां, तो  वषर् 2017-2019 के   दौरान  उक्त  योजना  के  अंतगर्त  िनधार्िरत  समयाविध  मɅ प ूरे न 
होने वाली पिरयोजनाओं का Þयौरा क्या है; और  
(ग) सरकार ɮवारा राजèथान मɅ पीएमजीएसवाई के  अंतगर्त हो रहे काम मɅ तेजी लाने के  िलए क्या 
कदम उठाए जा रहे हɇ? 
 
उ× तर 
ग्रामीण िवकास मंत्री 
(Įी नरेÛ द्र िसंह तोमर) 
 
(क) और (ख):  उपलÞ ध  जानकारी  के  अ नुसार, प्रधान  मंत्र ी  ग्र ा म  स ड़ क  य ो ज न ा  (पीएमजीएसवाई) के  
अÛतगर्त राजèथान राÏय मɅ कु छ सड़क पिरयोजनाएं िनधार्िरत समय से पीछे  चल रही हɇ। वषर् 2017-
19 के  दौरान िनधार्िरत समय अविध मɅ जो सड़क कायर् पू
रे नहीं िकए गए हɇ, उनका Þयौरा इस प्रकार 
है:-  
समय लिàबत कायɟ की 
संख् या  
 सड़क लàबाई  
(िक.मी. मɅ) 
31 माचर्, 2017  तक 1629 2910.45 
31 माचर्, 2018  तक 572 2831.42 
24 जून,  2019   तक 222  272.66 
 
(ग):  म ंत्रालय ने पीएमजीएसवाई-I क े कायर् को पूरा करने के  लê य को वष र् 2022 से कम करके  वषर् 
2019 कर िदया ह ै और तदन ुसार, राÏय को èवीकृ त कायर् पू
रा करने के  िलए अपनी िनçपादन और 
ठ े क े देने की क्षमता बढ़ाने की सलाह दी गई ह ै। इसके  अलावा, पू
री की गई लàबाई और सड़कɉ से 
जोड़ी गई बसावटɉ के  सàबÛध मɅ ओएमएमएएस पर िनयिमत Ǿप से प्रगित की समीक्षा की जाती है। 
राÏ य  सरकारɉ  को  समय-समय  पर  िविभÛ न  क्षेत्रीय  समीक्षा  बैठकɉ  और  अिधकार  प्राÜ त  सिमित  की 
बैठकɉ के  माÚ यम से यह सलाह दी जाती है िक वे पीएमजीएसवाई के  अंतगर्त
 सड़क कायɟ को समय 
316

से पूरा करने के  िलए उपयुक् त एवं आवæ यक कारर्वाई करɅ। मंत्रालय ɮवारा पीएमजीएसवाई का प्रभावी 
एवं समय से कायार्Û वयन सुिनिæचत करने के  िलए िनà निलिखत अितिरक् त उपाए िकए गए हɇ:  
(i) राÏ  य  को  अपनी  िनç पादन  क्षमता  बढ़ाने के   िलए  अितिरक् त  कायर्क्रम  कायार्Û वयन 
एककɉ (पीआईयू) की è थापना करने की सलाह दी गई है।  
(ii) मानक बोली दè तावेज (एसबीडी) मɅ प्रावधानɉ को युिक्तसंगत बनाया गया। 
(iii) क्षमता  िनमार्ण  के  ि ल ए  क्षेत्रीय  अिभयंताओं, ठ े क ेदारɉ  और  उनके  è  टाफ  को  िनयिमत 
Ǿप से प्रिशक्षण िदया गया है।  
(iv) राÏ  य  è तर पर ठ े क ेदारɉ के  िलए िनयिमत आउटिरच कायर्क्रम आयोिजत िकए गए।  
 
 
****** 
 
   
317

318

319

320

भारत सरकार  
ग्रामीण िवकास मंत्रालय 
ग्रामीण िवकास िवभाग           
 
राÏय सभा  
अतारांिकत प्रæ न सं. 918 
(28 जून, 2019 को उ× तर िदए जाने के  िलए) 
 
राçट्रीय ग्रामीण रोजगार कायर्क्रम के  अंतगर्त िनिध का आबंटन 
 
918. Įी हरनाथ िसंह यादवः  
 
क्या ग्रामीण िवकास मंत्री यह बताने की कृ पा करɅगे िकः  
 
(क) सरकार ɮवारा उƣर प्रदेश सिहत देश क े िव
िभÛन  राÏयɉ को राçट्रीय ग्रामीण रोजगार 
कायर्क्रम क े अंतगर्त कु ल िकतनी िनिध आवंिटत की गई है;  
(ख) उƣर प्रदेश राÏय मɅ नरेगा क े अंतगर्त िजले-वार िकतने लाभाथीर् हɇ; और  
(ग) चालू वषर् क े दौरान राÏय सर कार को िकतनी िनिध िमलने की संभावना है? 
 
उ× तर 
ग्रामीण िवकास मंत्री 
(Įी नरेÛ द्र िसंह तोमर) 
 
(क) : महा×मा गांधी राçट्रीय ग्रामीण रोजगार गारंटी अिधिनयम, 2005 ( मनरेगा) एक मांग 
आधािरत मजदूरी रोजगार योजना है,  अत: इसके िलए राÏय/संघ राÏय क्षेत्र-वार िनिध का 
कोई आवंटन नहीं िकया जात
ा है। मनरेगा क े अंतगर्त चालू िवƣीय वषर् 2019-20 
(24.06.2019 तक) क े दौरान उƣर प्रदेश सिहत राÏय/संघ राÏय क्षेत्र-वार िरलीज की गई 
कɅद्रीय िनिध का Þयौरा अनुबंध-। मɅ िदया गया है।                  
 
(ख) : मनरेगा क े अंतगर्त चालू िवƣीय वषर् 2019-20 (24.06.2019 तक) क े दौरान उƣर 
प्रदेश राÏय मɅ िजले-वार रोजगार प्रदान िकए गए पिरवारɉ और सृिजत िकए गए Įम िदवसɉ 
का Þयौरा अनुबंध-।। मɅ िदया गया है।                    
 
(ग) : मन र ेगा योजना एक मांग आधािरत योजना है। िनिधयɉ की िरलीज एक सतत प्रिक्रया 
है। िव.व. 2019-20 क े िलए उƣर प्रदेश का èवीकृ त Įमबजट 25 करोड़ Įम िदवस है। 
मंत्रालय राÏयɉ को आविधक Ǿप से दो िहèसɉ मɅ िनिधयां िरलीज करता है िजसमɅ से प्र×येक 
िहèसे मɅ èवी
कृ त Įम बजट ( एलबी), अथशेष, िनिधयɉ क े उपयोग की गित, िपछले वषर् की 
लंिबत देयताएं, यिद कोई हो और समग्र िनçपादन क े आधार पर एक या अिधक िकæतɅ 
शािमल होती हɇ।           
 
321

राÏय सभा मɅ िदनांक 28.06.2019 को उƣर िदए जाने के  िलए िनयत अतारा ंिकत 
प्र.सं. 918 के  भाग (क) के  उƣर मɅ उिãलिखत अनुबंध-।   
                                                                              िवƣीय वषर् : 2019-20 (24.06.2019 तक) 
क्र.सं. राÏय/सं.रा. क्षेत्र  िरलीज की गई कɅद्रीय िनिध  
(Ǿ. करोड़ मɅ) 
1 अंडमान और िनकोबार ɮवीप समूह  1.87 
2 आंध्र प्रदेश 3246.84 
3 अǽणाचल प्रदेश 107.57 
4 असम 684.31 
5 िबहार 1051.64 
6 छƣीसगढ़ 1234.08 
7 गोवा 1.44 
8 गुजरात 348.25 
9 हिरयाणा 64.47 
10 िहमाचल प्रदेश 158.77 
11 जàमू
 और कæमीर 758.30 
12 झारखंड 375.56 
13 कनार्टक 1816.04 
14 के रल 1539.41 
15 लक्षɮवीप 0.12 
16 मÚय प्रदेश 1667.74 
17 महाराçट्र 576.66 
18 मिणपु
र 181.42 
19 मेघालय 214.53 
20 िमजोरम 215.80 
21 नागालɇड 242.76 
22 ओिडशा 458.56 
23 पु
डु चेरी 0.91 
24 पंजाब 278.98 
25 राजèथान 2715.33 
26 िसिक्कम 14.73 
27 तिमलनाडु  2013.42 
28 तेलंगाना 1112.86 
29 ित्रपु
रा 135.93 
30 उƣर प्रदेश 1365.21 
31 उƣराखंड 128.66 
32 पिæचम बंगाल 3710.02 
कु ल 26422.19 
322

राÏय सभा मɅ िदनांक 28.06.2019 को उƣर िदए जाने के  िलए िनयत अतारा ंिकत 
प्र.सं. 918 के  भाग (ख) के  उƣर मɅ उिãलिखत अनुबंध-।।      
उƣर प्रदेश  
िवƣीय वषर् : 2019-20 (24.06.2019 तक)      
(आंकड़े संख्या मɅ) 
क्र.सं. िजले  पिरवार िजÛहɅ रोजगार उपलÞध 
कराया गया  
सृिजत Įम िदवस  
1 आगरा 27039 436022 
2 अलीगढ़ 24719 336432 
3 अàबेडकर नागर 21777 520873 
4 अमेठी 20178 499562 
5 अमरोहा 29104 478990 
6 औरैया 11879 238567 
7 अयोÚया 26063 598993 
8 आजमगढ़ 63970 1330934 
9 बागपत 451 5830 
10 बहराइच 69436 1904994 
11 बिलया 26063 535401 
12 बलरामपुर 34483 733306 
13 बांदा 19819 531362 
14 बाराबंकी 34787 852207 
15 बरेली  21503 338773 
16 बèती 50930 1216212 
17 िबजनौर 35064 372660 
18 शाहजहांपुर 24203 472050 
19 बुलंदशहर 5830 64604 
20 चंदौली 21291 476693 
21 िचत्रकू ट 17698 382491 
22 देविरया 18165 387754 
23 ऐटा 9333 187495 
24 इटावा 10401 190207 
25 फǽ र्खाबाद 20995 422903 
26 फतेहपुर 27028 749849 
27 िफरोजाबाद 21041 359629 
28 गौतमबुɮध नगर 86 936 
29 गािज़याबाद 0 0 
30 गाजीपु
र 12093 184763 
31 गɉडा 58543 1712894 
32 गोरखपुर 40568 671876 
33 हमीरपुर 20284 556340 
34 हापुड़ 1578 17692 
35 हरदोई 40156 766439 
323

क्र.सं. िजले  पिरवार िजÛहɅ रोजगार उपलÞध 
कराया गया  
सृिजत Įम िदवस  
36 हाथरस 8505 121514 
37 जालौन 35920 795297 
38 जौनपुर 55517 1446162 
39 झांसी 26728 817211 
40 कÛनौज 10586 198137 
41 कानपुर देहात 12080 239663 
42 कानपुर नगर 12648 242642 
43 कासगंज  21769 408659 
44 कौशाàबी 11329 283032 
45 खीरी 44434 748063 
46 कु शी नागर 59750 1428702 
47 लिलतपुर  30474 854910 
48 लखनऊ 7921 125682 
49 महाराजगंज 46090 999587 
50 महोबा 6877 166152 
51 मैनपुरी 9645 190638 
52 मथुरा 9810 135911 
53 मऊ 30363 679183 
54 मेरठ 3977 104710 
55 िमजार्पुर 22243 549175 
56 मुरादाबाद 28422 511118 
57 मुजÝफरनगर 6492 112905 
58 पीलीभीत 26910 444264 
59 प्रतापगढ़ 42466 1037756 
60 प्रयागराज 36950 880684 
61 रायबरेली      36495 792351 
62 रामपुर 30026 506235 
63 सहारनपुर 20862 275640 
64 संभल 26365 390170 
65 संत कबीर नगर 36429 841749 
66 संत रिवदास नगर 8224 165129 
67 शाहजहांपुर 20488 400951 
68 शामली 3993 76660 
69 Įावèती 16588 351427 
70 िसɮधाथर् नगर 93951 2455528 
71 सीतापुर 51684 1072232 
72 सोनभद्र 36946 797323 
73 सुãतानपुर 34316 978503 
74 उÛनाव 34028 725408 
75 वाराणसी      13719 248999 
  कु ल              1938578 42135795 
 
 
324

325

326

327

प
328

भारत सरकार 
ग्रामीण िवकास मंत्रालय 
ग्रामीण िवकास िवभाग 
 
राÏय सभा  
अतारांिकत प्रæ न सं. 922 
(28 जून, 2019 को उ× तर िदए जाने के  िलए) 
 
प्रधानमंत्री ग्राम सड़क योजना (पीएमजीएसवाई) के  अंतगर्त सड़क िनमार्ण 
 
922. Įी के ॰ आर॰ अजुर्ननः  
 
क्या ग्रामीण िवकास मंत्री यह बताने की कृ पा करɅगे िकः  
 
(क) क्या यह सच है िक पीएमजीएसवाई के तहत ग्रा मीण  सड़क िनमार्ण िपछले चार वषɟ क े दौरान 
अपनी चरम सीमा पर था;  
(ख) यिद हां, तो त×संबंधी Þयौरा क्या है और िपछले चार वषɟ क े दौरान इसके अंतगर्त िकतनी सड़कɉ 
का िनमार्ण िकया गया;  
(ग) क्या यह भी सच है िक कई राÏ य सरकारɅ पीएमजीएसवाई क े अंतगर्त अिधक धनरािश की मांग 
कर रही हɇ; और  
(घ) यिद हां, तो त×संबंधी Þयौरा क्या है? 
 
उ× तर 
ग्रामीण िवकास मंत्री 
(Įी नरेÛ द्र िसंह तोमर) 
 
(क) से ( ख): प्रधान मंत्री ग्राम सड़क योजना ( पीएमजीएसवाई) क े अंतगर्त ग्रामीण सड़कɉ क े िनमार्ण मɅ 
वृɮिध दजर् हो रही है। िपछले चार वषɟ क े दौरान इस योजना क े अंतगर्त िनिमर्त सड़कɉ का िववरण इस 
प्रकार है: - 
 
वषर्  िनिमर्त सड़क लंबाई (िक.मी.) 
2015-16 36,449 
2016-17 47,446 
2017-18 48,715 
2018-19 49,038 
 
(ग) से (घ): पीएमजीएसवाई क े अंतगर्त क ेÛद्रीय अंश को राÏय सरकारɉ को उनकी िनिधयɉ क े 
उपयोग की क्षमता, शेष बचे हुए कायर्, उपलÞध अप्रयुक्त शेष और कायर्क्रम क े िदशािनदȶशɉ मɅ 
िनधार्िरत कु छ शतɟ को पूरा करने क े आधार पर जारी िकया जा ता है। िपछले चार वषɟ क े 
दौरान कɅद्र ɮवारा राÏयɉ को जारी की गई िनिधयɉ का िववरण अनुबंध मɅ िदया गया है।           
329

 
 
      
अनुबंध 
 
राÏय सभा मɅ िदनांक 28.06.2019 को उƣर िदए जाने के  िलए िनयत अतारांिकत प्रæन सं. 922 के  भाग (ग) से 
(घ) के  उƣर मɅ उिãलिखत अनुबंध  
पीएमजीएसवाई के  अंतगर्त िनिधयɉ की िरलीज  
(िरलीज करोड़ Ǿ. मɅ) 
क्र.सं. राÏय 2015-16 2016-17 2017-18 2018-19  
1 आंध्र प्रदेश 379.20 197.59 40.00 200.00 
2 अǽणाचल प्रदेश 375.00 205.92 700.00 1350.00 
3 असम 347.82 475.76 575.58 2506.58 
4 िबहार 2781.00 2958.34 1349.31 60.57 
5 छƣीसगढ़ 498.00 449.81 338.96 664.39 
6 गोवा 0.00 0.00 0.00 0.00 
7 गुजरात 474.10 31.04 0.00 0.00 
8 हिरयाणा 304.69 44.01 0.00 0.00 
9 िहमाचल प्रदेश 268.40 396.61 360.17 677.25 
10 जàमू और कæमीर 488.00 755.61 1400.00 581.46 
11 झारखंड 864.99 819.59 1087.89 757.32 
12 कनार्टक 140.80 331.95 5.00 0.56 
13 के रल 151.00 179.45 169.13 100.77 
14 मÚय प्रदेश 1122.00 1979.48 1075.08 913.30 
15 महाराçट्र 553.30 606.00 270.59 6.75 
16 मिणपुर 299.80 412.19 219.00 293.63 
17 मेघालय 150.70 211.99 45.68 196.42 
18 िमजोरम 50.90 93.36 200.00 51.32 
19 नागालɇड 4.00 8.05 8.80 149.26 
20 ओिडशा 1382.70 1925.67 2038.19 2461.50 
21 पंजाब 221.10 275.66 318.73 0.00 
22 राजèथान 559.90 559.41 889.90 0.00 
23 िसिक्कम 68.60 138.16 337.00 199.40 
24 तिमलनाडु 205.00 309.58 591.07 589.00 
25 ित्रपुरा 274.83 392.3725 135.38 73.31 
26 उƣर प्रदेश 1110.35 1234.87 866.81 253.54 
27 उƣराखंड 409.19 550.2 686.31 988.23 
28 पिæचम बंगाल 1427.58 819.18 1000.00 1386.44 
29 तेलंगाना 273.73 146.0255 99.22 99.64 
कु ल 15186.68 16507.85 14807.79 14560.64 
330

331

प
332

333

334

335

336

337

338

339

340

341

342

343

344

345

346

347

348

349

 
 
-  
 
 
 
 
 
 
 
, , , , 
; 
 ; 
 ;  
 -
? 
 
 
(  
 
 
 
 -
 
***** 
350

 
-932 
 
 
 
 
932.  
 
  
 
(    
 ; 
(    
;  
(   ;  
, ? 
 
 
 
 
 
(  
 
 
-I  
 
 
 
  
351

 
 
- I  
   
 
  
 
1 2015-16  
-
 
11 - 4 4 
            
2 2016-17  
-
 
15 8 0 5 
  
 - 
 
3 2 0 0 
            
3 2017-18 
 * 
15  
  
-
 
16 6 4 5 
  
 - 
 
8 6 1 0 
   68 22 9 14 
*    
 
 
 
 
 
 
352

353